0.5 20487.5
1.5 700
2.5 700
3.5 490
4.5 10
5.5 10
6.5 15
7.5 5
8.5 12.5
9.5 15
10.5 22.5
11.5 12.5
12.5 20
13.5 17.5
14.5 10
15.5 20
16.5 22.5
17.5 5
18.5 15
19.5 5
20.5 10
21.5 20
22.5 12.5
23.5 17.5
24.5 7.5
25.5 7.5
26.5 7.5
27.5 15
28.5 10
29.5 22.5
30.5 5
31.5 12.5
32.5 10
33.5 5
34.5 15
35.5 2.5
36.5 12.5
37.5 7.5
38.5 7.5
39.5 7.5
40.5 17.5
41.5 15
42.5 12.5
43.5 7.5
44.5 12.5
45.5 12.5
46.5 7.5
47.5 22.5
48.5 22.5
49.5 17.5
50.5 15
51.5 10
52.5 22.5
53.5 7.5
54.5 20
55.5 25
56.5 22.5
57.5 22.5
58.5 12.5
59.5 17.5
60.5 17.5
61.5 2.5
62.5 12.5
63.5 2.5
64.5 25
65.5 25
66.5 17.5
67.5 17.5
68.5 20
69.5 15
70.5 17.5
71.5 15
72.5 15
73.5 22.5
74.5 17.5
75.5 22.5
76.5 17.5
77.5 22.5
78.5 10
79.5 35
80.5 25
81.5 25
82.5 40
83.5 25
84.5 32.5
85.5 20
86.5 17.5
87.5 17.5
88.5 27.5
89.5 35
90.5 12.5
91.5 12.5
92.5 30
93.5 17.5
94.5 30
95.5 22.5
96.5 25
97.5 12.5
98.5 20
99.5 30
100.5 32.5
101.5 32.5
102.5 27.5
103.5 22.5
104.5 22.5
105.5 22.5
106.5 15
107.5 17.5
108.5 20
109.5 17.5
110.5 25
111.5 22.5
112.5 12.5
113.5 27.5
114.5 25
115.5 45
116.5 30
117.5 47.5
118.5 22.5
119.5 32.5
120.5 35
121.5 35
122.5 40
123.5 30
124.5 25
125.5 30
126.5 42.5
127.5 35
128.5 42.5
129.5 47.5
130.5 22.5
131.5 22.5
132.5 25
133.5 37.5
134.5 20
135.5 25
136.5 37.5
137.5 25
138.5 22.5
139.5 40
140.5 40
141.5 37.5
142.5 42.5
143.5 45
144.5 37.5
145.5 37.5
146.5 57.5
147.5 37.5
148.5 37.5
149.5 50
150.5 37.5
151.5 32.5
152.5 50
153.5 42.5
154.5 50
155.5 27.5
156.5 55
157.5 47.5
158.5 50
159.5 50
160.5 47.5
161.5 55
162.5 67.5
163.5 47.5
164.5 50
165.5 57.5
166.5 45
167.5 50
168.5 37.5
169.5 55
170.5 60
171.5 70
172.5 52.5
173.5 50
174.5 67.5
175.5 60
176.5 57.5
177.5 60
178.5 35
179.5 52.5
180.5 72.5
181.5 60
182.5 85
183.5 57.5
184.5 62.5
185.5 52.5
186.5 65
187.5 42.5
188.5 55
189.5 62.5
190.5 80
191.5 77.5
192.5 67.5
193.5 80
194.5 62.5
195.5 67.5
196.5 80
197.5 100
198.5 72.5
199.5 112.5
200.5 107.5
201.5 90
202.5 105
203.5 72.5
204.5 97.5
205.5 92.5
206.5 67.5
207.5 92.5
208.5 87.5
209.5 115
210.5 92.5
211.5 100
212.5 97.5
213.5 132.5
214.5 87.5
215.5 105
216.5 102.5
217.5 105
218.5 115
219.5 105
220.5 90
221.5 75
222.5 125
223.5 102.5
224.5 100
225.5 85
226.5 107.5
227.5 82.5
228.5 120
229.5 97.5
230.5 122.5
231.5 102.5
232.5 107.5
233.5 95
234.5 95
235.5 92.5
236.5 100
237.5 105
238.5 105
239.5 125
240.5 115
241.5 105
242.5 130
243.5 100
244.5 115
245.5 135
246.5 152.5
247.5 117.5
248.5 122.5
249.5 155
250.5 105
251.5 130
252.5 115
253.5 110
254.5 110
255.5 140
256.5 137.5
257.5 140
258.5 135
259.5 127.5
260.5 112.5
261.5 115
262.5 117.5
263.5 127.5
264.5 155
265.5 107.5
266.5 117.5
267.5 162.5
268.5 105
269.5 122.5
270.5 115
271.5 127.5
272.5 92.5
273.5 105
274.5 140
275.5 112.5
276.5 130
277.5 87.5
278.5 135
279.5 155
280.5 147.5
281.5 122.5
282.5 137.5
283.5 85
284.5 142.5
285.5 92.5
286.5 95
287.5 132.5
288.5 102.5
289.5 137.5
290.5 107.5
291.5 147.5
292.5 102.5
293.5 112.5
294.5 107.5
295.5 95
296.5 142.5
297.5 110
298.5 77.5
299.5 137.5
300.5 130
301.5 157.5
302.5 117.5
303.5 95
304.5 107.5
305.5 120
306.5 137.5
307.5 122.5
308.5 112.5
309.5 107.5
310.5 125
311.5 105
312.5 107.5
313.5 157.5
314.5 55
315.5 107.5
316.5 125
317.5 92.5
318.5 95
319.5 132.5
320.5 137.5
321.5 112.5
322.5 90
323.5 100
324.5 97.5
325.5 112.5
326.5 90
327.5 107.5
328.5 95
329.5 87.5
330.5 85
331.5 100
332.5 70
333.5 127.5
334.5 112.5
335.5 110
336.5 127.5
337.5 92.5
338.5 100
339.5 110
340.5 117.5
341.5 115
342.5 122.5
343.5 85
344.5 105
345.5 132.5
346.5 102.5
347.5 92.5
348.5 110
349.5 107.5
350.5 102.5
351.5 112.5
352.5 110
353.5 92.5
354.5 95
355.5 95
356.5 105
357.5 110
358.5 80
359.5 90
360.5 90
361.5 125
362.5 90
363.5 107.5
364.5 62.5
365.5 95
366.5 77.5
367.5 92.5
368.5 65
369.5 120
370.5 77.5
371.5 80
372.5 100
373.5 80
374.5 82.5
375.5 100
376.5 97.5
377.5 95
378.5 110
379.5 97.5
380.5 87.5
381.5 92.5
382.5 57.5
383.5 90
384.5 97.5
385.5 55
386.5 90
387.5 82.5
388.5 80
389.5 70
390.5 90
391.5 95
392.5 97.5
393.5 100
394.5 70
395.5 67.5
396.5 102.5
397.5 70
398.5 87.5
399.5 82.5
400.5 57.5
401.5 82.5
402.5 62.5
403.5 60
404.5 67.5
405.5 85
406.5 92.5
407.5 82.5
408.5 67.5
409.5 75
410.5 82.5
411.5 67.5
412.5 102.5
413.5 75
414.5 77.5
415.5 112.5
416.5 72.5
417.5 90
418.5 67.5
419.5 70
420.5 55
421.5 80
422.5 77.5
423.5 75
424.5 90
425.5 67.5
426.5 77.5
427.5 60
428.5 80
429.5 67.5
430.5 52.5
431.5 80
432.5 80
433.5 82.5
434.5 95
435.5 77.5
436.5 77.5
437.5 55
438.5 82.5
439.5 82.5
440.5 80
441.5 60
442.5 60
443.5 67.5
444.5 87.5
445.5 82.5
446.5 90
447.5 60
448.5 75
449.5 70
450.5 87.5
451.5 70
452.5 87.5
453.5 90
454.5 85
455.5 65
456.5 70
457.5 67.5
458.5 85
459.5 105
460.5 82.5
461.5 80
462.5 62.5
463.5 92.5
464.5 52.5
465.5 62.5
466.5 67.5
467.5 82.5
468.5 72.5
469.5 75
470.5 80
471.5 72.5
472.5 107.5
473.5 65
474.5 67.5
475.5 75
476.5 90
477.5 75
478.5 55
479.5 95
480.5 120
481.5 77.5
482.5 72.5
483.5 95
484.5 70
485.5 75
486.5 77.5
487.5 82.5
488.5 80
489.5 65
490.5 77.5
491.5 85
492.5 102.5
493.5 85
494.5 57.5
495.5 85
496.5 82.5
497.5 75
498.5 82.5
499.5 65
500.5 97.5
501.5 85
502.5 97.5
503.5 92.5
504.5 97.5
505.5 82.5
506.5 67.5
507.5 97.5
508.5 110
509.5 112.5
510.5 77.5
511.5 85
512.5 87.5
513.5 97.5
514.5 120
515.5 82.5
516.5 117.5
517.5 62.5
518.5 65
519.5 87.5
520.5 100
521.5 90
522.5 112.5
523.5 150
524.5 102.5
525.5 127.5
526.5 105
527.5 67.5
528.5 105
529.5 112.5
530.5 92.5
531.5 92.5
532.5 87.5
533.5 102.5
534.5 107.5
535.5 92.5
536.5 142.5
537.5 75
538.5 85
539.5 92.5
540.5 67.5
541.5 117.5
542.5 77.5
543.5 90
544.5 87.5
545.5 80
546.5 95
547.5 130
548.5 80
549.5 62.5
550.5 95
551.5 67.5
552.5 87.5
553.5 85
554.5 82.5
555.5 112.5
556.5 85
557.5 107.5
558.5 90
559.5 60
560.5 67.5
561.5 55
562.5 77.5
563.5 85
564.5 77.5
565.5 70
566.5 85
567.5 57.5
568.5 92.5
569.5 65
570.5 75
571.5 72.5
572.5 80
573.5 55
574.5 62.5
575.5 80
576.5 55
577.5 52.5
578.5 52.5
579.5 75
580.5 87.5
581.5 72.5
582.5 45
583.5 82.5
584.5 47.5
585.5 62.5
586.5 60
587.5 55
588.5 72.5
589.5 62.5
590.5 65
591.5 70
592.5 65
593.5 67.5
594.5 72.5
595.5 65
596.5 45
597.5 67.5
598.5 62.5
599.5 42.5
600.5 70
601.5 50
602.5 77.5
603.5 42.5
604.5 77.5
605.5 52.5
606.5 57.5
607.5 45
608.5 55
609.5 55
610.5 50
611.5 62.5
612.5 47.5
613.5 67.5
614.5 57.5
615.5 57.5
616.5 80
617.5 50
618.5 40
619.5 45
620.5 42.5
621.5 47.5
622.5 50
623.5 75
624.5 47.5
625.5 50
626.5 67.5
627.5 50
628.5 47.5
629.5 47.5
630.5 47.5
631.5 57.5
632.5 47.5
633.5 65
634.5 72.5
635.5 57.5
636.5 45
637.5 50
638.5 52.5
639.5 35
640.5 47.5
641.5 62.5
642.5 40
643.5 25
644.5 55
645.5 42.5
646.5 37.5
647.5 55
648.5 45
649.5 37.5
650.5 82.5
651.5 37.5
652.5 62.5
653.5 40
654.5 37.5
655.5 25
656.5 42.5
657.5 27.5
658.5 65
659.5 55
660.5 55
661.5 40
662.5 55
663.5 40
664.5 60
665.5 62.5
666.5 45
667.5 25
668.5 50
669.5 40
670.5 30
671.5 40
672.5 55
673.5 30
674.5 30
675.5 55
676.5 42.5
677.5 50
678.5 30
679.5 47.5
680.5 30
681.5 27.5
682.5 70
683.5 40
684.5 37.5
685.5 50
686.5 22.5
687.5 42.5
688.5 20
689.5 40
690.5 42.5
691.5 25
692.5 47.5
693.5 67.5
694.5 42.5
695.5 77.5
696.5 27.5
697.5 50
698.5 32.5
699.5 42.5
700.5 22.5
701.5 57.5
702.5 27.5
703.5 25
704.5 27.5
705.5 40
706.5 57.5
707.5 42.5
708.5 50
709.5 32.5
710.5 42.5
711.5 55
712.5 25
713.5 37.5
714.5 25
715.5 30
716.5 20
717.5 27.5
718.5 35
719.5 32.5
720.5 45
721.5 45
722.5 25
723.5 45
724.5 30
725.5 20
726.5 57.5
727.5 42.5
728.5 32.5
729.5 27.5
730.5 60
731.5 45
732.5 30
733.5 27.5
734.5 67.5
735.5 42.5
736.5 37.5
737.5 47.5
738.5 32.5
739.5 47.5
740.5 22.5
741.5 32.5
742.5 35
743.5 52.5
744.5 27.5
745.5 30
746.5 20
747.5 12.5
748.5 42.5
749.5 20
750.5 35
751.5 47.5
752.5 35
753.5 20
754.5 35
755.5 40
756.5 22.5
757.5 30
758.5 32.5
759.5 42.5
760.5 37.5
761.5 47.5
762.5 25
763.5 27.5
764.5 30
765.5 30
766.5 35
767.5 45
768.5 32.5
769.5 27.5
770.5 25
771.5 35
772.5 30
773.5 30
774.5 35
775.5 32.5
776.5 50
777.5 42.5
778.5 32.5
779.5 42.5
780.5 30
781.5 30
782.5 25
783.5 32.5
784.5 27.5
785.5 40
786.5 17.5
787.5 27.5
788.5 35
789.5 20
790.5 37.5
791.5 25
792.5 32.5
793.5 40
794.5 35
795.5 32.5
796.5 27.5
797.5 27.5
798.5 27.5
799.5 20
800.5 35
801.5 50
802.5 30
803.5 35
804.5 42.5
805.5 22.5
806.5 20
807.5 20
808.5 32.5
809.5 25
810.5 15
811.5 32.5
812.5 37.5
813.5 22.5
814.5 35
815.5 22.5
816.5 30
817.5 35
818.5 40
819.5 12.5
820.5 27.5
821.5 37.5
822.5 32.5
823.5 32.5
824.5 25
825.5 40
826.5 42.5
827.5 27.5
828.5 37.5
829.5 17.5
830.5 37.5
831.5 37.5
832.5 47.5
833.5 37.5
834.5 15
835.5 17.5
836.5 42.5
837.5 35
838.5 32.5
839.5 27.5
840.5 60
841.5 45
842.5 37.5
843.5 22.5
844.5 22.5
845.5 27.5
846.5 45
847.5 40
848.5 35
849.5 25
850.5 30
851.5 35
852.5 37.5
853.5 32.5
854.5 42.5
855.5 37.5
856.5 37.5
857.5 27.5
858.5 27.5
859.5 40
860.5 30
861.5 30
862.5 55
863.5 42.5
864.5 32.5
865.5 22.5
866.5 22.5
867.5 27.5
868.5 25
869.5 25
870.5 32.5
871.5 37.5
872.5 37.5
873.5 47.5
874.5 35
875.5 35
876.5 32.5
877.5 25
878.5 22.5
879.5 37.5
880.5 50
881.5 20
882.5 37.5
883.5 27.5
884.5 30
885.5 35
886.5 37.5
887.5 32.5
888.5 40
889.5 32.5
890.5 27.5
891.5 27.5
892.5 35
893.5 25
894.5 17.5
895.5 30
896.5 22.5
897.5 37.5
898.5 55
899.5 22.5
900.5 30
901.5 37.5
902.5 10
903.5 30
904.5 32.5
905.5 42.5
906.5 22.5
907.5 25
908.5 15
909.5 35
910.5 25
911.5 30
912.5 30
913.5 42.5
914.5 35
915.5 27.5
916.5 35
917.5 25
918.5 27.5
919.5 25
920.5 15
921.5 27.5
922.5 22.5
923.5 30
924.5 25
925.5 52.5
926.5 20
927.5 20
928.5 22.5
929.5 27.5
930.5 25
931.5 32.5
932.5 22.5
933.5 22.5
934.5 22.5
935.5 22.5
936.5 27.5
937.5 30
938.5 32.5
939.5 35
940.5 35
941.5 47.5
942.5 20
943.5 27.5
944.5 17.5
945.5 17.5
946.5 27.5
947.5 30
948.5 35
949.5 17.5
950.5 15
951.5 30
952.5 27.5
953.5 37.5
954.5 42.5
955.5 37.5
956.5 37.5
957.5 32.5
958.5 27.5
959.5 30
960.5 20
961.5 20
962.5 17.5
963.5 20
964.5 17.5
965.5 35
966.5 17.5
967.5 25
968.5 7.5
969.5 27.5
970.5 17.5
971.5 25
972.5 37.5
973.5 25
974.5 22.5
975.5 25
976.5 40
977.5 25
978.5 20
979.5 27.5
980.5 20
981.5 32.5
982.5 27.5
983.5 30
984.5 32.5
985.5 25
986.5 15
987.5 35
988.5 35
989.5 25
990.5 30
991.5 25
992.5 25
993.5 35
994.5 17.5
995.5 25
996.5 22.5
997.5 27.5
998.5 15
999.5 20
1000.5 32.5
1001.5 25
1002.5 22.5
1003.5 35
1004.5 40
1005.5 20
1006.5 25
1007.5 45
1008.5 30
1009.5 47.5
1010.5 25
1011.5 32.5
1012.5 25
1013.5 25
1014.5 17.5
1015.5 35
1016.5 17.5
1017.5 17.5
1018.5 22.5
1019.5 17.5
1020.5 25
1021.5 25
1022.5 30
1023.5 20
1024.5 32.5
1025.5 55
1026.5 30
1027.5 25
1028.5 30
1029.5 25
1030.5 37.5
1031.5 22.5
1032.5 12.5
1033.5 25
1034.5 30
1035.5 25
1036.5 27.5
1037.5 17.5
1038.5 27.5
1039.5 42.5
1040.5 27.5
1041.5 17.5
1042.5 35
1043.5 22.5
1044.5 27.5
1045.5 20
1046.5 30
1047.5 10
1048.5 20
1049.5 22.5
1050.5 20
1051.5 47.5
1052.5 37.5
1053.5 20
1054.5 20
1055.5 25
1056.5 15
1057.5 22.5
1058.5 25
1059.5 30
1060.5 45
1061.5 17.5
1062.5 20
1063.5 22.5
1064.5 30
1065.5 20
1066.5 15
1067.5 25
1068.5 12.5
1069.5 35
1070.5 27.5
1071.5 30
1072.5 30
1073.5 27.5
1074.5 37.5
1075.5 30
1076.5 25
1077.5 30
1078.5 32.5
1079.5 20
1080.5 30
1081.5 32.5
1082.5 35
1083.5 32.5
1084.5 17.5
1085.5 17.5
1086.5 30
1087.5 37.5
1088.5 20
1089.5 20
1090.5 27.5
1091.5 22.5
1092.5 20
1093.5 22.5
1094.5 37.5
1095.5 17.5
1096.5 20
1097.5 12.5
1098.5 20
1099.5 30
1100.5 20
1101.5 27.5
1102.5 32.5
1103.5 27.5
1104.5 22.5
1105.5 20
1106.5 30
1107.5 20
1108.5 12.5
1109.5 12.5
1110.5 10
1111.5 25
1112.5 15
1113.5 15
1114.5 17.5
1115.5 32.5
1116.5 22.5
1117.5 30
1118.5 17.5
1119.5 20
1120.5 30
1121.5 30
1122.5 12.5
1123.5 17.5
1124.5 25
1125.5 12.5
1126.5 35
1127.5 37.5
1128.5 22.5
1129.5 25
1130.5 17.5
1131.5 20
1132.5 15
1133.5 25
1134.5 12.5
1135.5 12.5
1136.5 20
1137.5 30
1138.5 40
1139.5 17.5
1140.5 20
1141.5 27.5
1142.5 25
1143.5 25
1144.5 20
1145.5 25
1146.5 15
1147.5 32.5
1148.5 17.5
1149.5 20
1150.5 25
1151.5 20
1152.5 7.5
1153.5 35
1154.5 22.5
1155.5 17.5
1156.5 20
1157.5 32.5
1158.5 27.5
1159.5 22.5
1160.5 20
1161.5 25
1162.5 5
1163.5 22.5
1164.5 35
1165.5 12.5
1166.5 37.5
1167.5 25
1168.5 15
1169.5 7.5
1170.5 27.5
1171.5 17.5
1172.5 27.5
1173.5 40
1174.5 25
1175.5 15
1176.5 25
1177.5 42.5
1178.5 35
1179.5 25
1180.5 25
1181.5 7.5
1182.5 15
1183.5 30
1184.5 22.5
1185.5 17.5
1186.5 27.5
1187.5 20
1188.5 32.5
1189.5 37.5
1190.5 35
1191.5 20
1192.5 17.5
1193.5 27.5
1194.5 15
1195.5 27.5
1196.5 7.5
1197.5 25
1198.5 15
1199.5 25
1200.5 40
1201.5 22.5
1202.5 20
1203.5 15
1204.5 22.5
1205.5 20
1206.5 30
1207.5 20
1208.5 20
1209.5 15
1210.5 15
1211.5 20
1212.5 20
1213.5 25
1214.5 27.5
1215.5 20
1216.5 22.5
1217.5 17.5
1218.5 20
1219.5 40
1220.5 17.5
1221.5 25
1222.5 35
1223.5 25
1224.5 15
1225.5 22.5
1226.5 5
1227.5 10
1228.5 15
1229.5 32.5
1230.5 30
1231.5 22.5
1232.5 17.5
1233.5 30
1234.5 10
1235.5 27.5
1236.5 30
1237.5 20
1238.5 27.5
1239.5 10
1240.5 22.5
1241.5 20
1242.5 27.5
1243.5 20
1244.5 15
1245.5 22.5
1246.5 22.5
1247.5 22.5
1248.5 20
1249.5 25
1250.5 22.5
1251.5 22.5
1252.5 15
1253.5 22.5
1254.5 22.5
1255.5 7.5
1256.5 27.5
1257.5 22.5
1258.5 17.5
1259.5 10
1260.5 20
1261.5 12.5
1262.5 22.5
1263.5 25
1264.5 32.5
1265.5 30
1266.5 20
1267.5 15
1268.5 20
1269.5 17.5
1270.5 20
1271.5 27.5
1272.5 27.5
1273.5 30
1274.5 32.5
1275.5 12.5
1276.5 30
1277.5 2.5
1278.5 7.5
1279.5 10
1280.5 15
1281.5 22.5
1282.5 12.5
1283.5 32.5
1284.5 10
1285.5 15
1286.5 15
1287.5 10
1288.5 35
1289.5 27.5
1290.5 25
1291.5 22.5
1292.5 15
1293.5 17.5
1294.5 17.5
1295.5 15
1296.5 15
1297.5 12.5
1298.5 22.5
1299.5 20
1300.5 30
1301.5 15
1302.5 20
1303.5 27.5
1304.5 20
1305.5 27.5
1306.5 7.5
1307.5 17.5
1308.5 17.5
1309.5 25
1310.5 7.5
1311.5 22.5
1312.5 17.5
1313.5 22.5
1314.5 12.5
1315.5 20
1316.5 20
1317.5 20
1318.5 15
1319.5 22.5
1320.5 22.5
1321.5 17.5
1322.5 10
1323.5 17.5
1324.5 10
1325.5 17.5
1326.5 27.5
1327.5 25
1328.5 27.5
1329.5 17.5
1330.5 17.5
1331.5 15
1332.5 12.5
1333.5 25
1334.5 22.5
1335.5 17.5
1336.5 22.5
1337.5 22.5
1338.5 40
1339.5 17.5
1340.5 20
1341.5 25
1342.5 25
1343.5 22.5
1344.5 25
1345.5 15
1346.5 30
1347.5 35
1348.5 12.5
1349.5 17.5
1350.5 22.5
1351.5 25
1352.5 20
1353.5 7.5
1354.5 22.5
1355.5 17.5
1356.5 15
1357.5 5
1358.5 12.5
1359.5 25
1360.5 25
1361.5 17.5
1362.5 7.5
1363.5 17.5
1364.5 15
1365.5 12.5
1366.5 27.5
1367.5 17.5
1368.5 5
1369.5 20
1370.5 10
1371.5 20
1372.5 15
1373.5 25
1374.5 22.5
1375.5 30
1376.5 37.5
1377.5 20
1378.5 5
1379.5 12.5
1380.5 22.5
1381.5 22.5
1382.5 25
1383.5 7.5
1384.5 20
1385.5 12.5
1386.5 25
1387.5 20
1388.5 17.5
1389.5 12.5
1390.5 15
1391.5 25
1392.5 20
1393.5 15
1394.5 10
1395.5 20
1396.5 22.5
1397.5 15
1398.5 7.5
1399.5 30
1400.5 10
1401.5 22.5
1402.5 30
1403.5 22.5
1404.5 20
1405.5 20
1406.5 12.5
1407.5 10
1408.5 17.5
1409.5 22.5
1410.5 15
1411.5 10
1412.5 15
1413.5 7.5
1414.5 17.5
1415.5 20
1416.5 5
1417.5 22.5
1418.5 17.5
1419.5 15
1420.5 27.5
1421.5 10
1422.5 15
1423.5 10
1424.5 22.5
1425.5 10
1426.5 17.5
1427.5 17.5
1428.5 25
1429.5 20
1430.5 17.5
1431.5 22.5
1432.5 12.5
1433.5 22.5
1434.5 25
1435.5 25
1436.5 20
1437.5 17.5
1438.5 20
1439.5 15
1440.5 17.5
1441.5 7.5
1442.5 7.5
1443.5 15
1444.5 17.5
1445.5 12.5
1446.5 12.5
1447.5 25
1448.5 17.5
1449.5 20
1450.5 25
1451.5 22.5
1452.5 27.5
1453.5 15
1454.5 7.5
1455.5 25
1456.5 15
1457.5 20
1458.5 22.5
1459.5 25
1460.5 5
1461.5 30
1462.5 20
1463.5 10
1464.5 12.5
1465.5 22.5
1466.5 12.5
1467.5 7.5
1468.5 12.5
1469.5 15
1470.5 20
1471.5 15
1472.5 10
1473.5 25
1474.5 15
1475.5 27.5
1476.5 10
1477.5 17.5
1478.5 10
1479.5 7.5
1480.5 22.5
1481.5 20
1482.5 20
1483.5 15
1484.5 20
1485.5 25
1486.5 30
1487.5 17.5
1488.5 17.5
1489.5 7.5
1490.5 20
1491.5 25
1492.5 22.5
1493.5 12.5
1494.5 22.5
1495.5 15
1496.5 17.5
1497.5 20
1498.5 20
1499.5 25
1500.5 15
1501.5 27.5
1502.5 10
1503.5 20
1504.5 15
1505.5 12.5
1506.5 22.5
1507.5 12.5
1508.5 25
1509.5 7.5
1510.5 30
1511.5 12.5
1512.5 22.5
1513.5 20
1514.5 17.5
1515.5 25
1516.5 20
1517.5 10
1518.5 17.5
1519.5 12.5
1520.5 15
1521.5 12.5
1522.5 17.5
1523.5 20
1524.5 17.5
1525.5 15
1526.5 15
1527.5 7.5
1528.5 22.5
1529.5 20
1530.5 17.5
1531.5 15
1532.5 17.5
1533.5 10
1534.5 17.5
1535.5 17.5
1536.5 15
1537.5 32.5
1538.5 17.5
1539.5 17.5
1540.5 17.5
1541.5 25
1542.5 20
1543.5 10
1544.5 22.5
1545.5 12.5
1546.5 20
1547.5 12.5
1548.5 15
1549.5 15
1550.5 20
1551.5 17.5
1552.5 15
1553.5 22.5
1554.5 7.5
1555.5 17.5
1556.5 12.5
1557.5 30
1558.5 32.5
1559.5 30
1560.5 22.5
1561.5 17.5
1562.5 15
1563.5 10
1564.5 25
1565.5 17.5
1566.5 22.5
1567.5 35
1568.5 20
1569.5 32.5
1570.5 25
1571.5 20
1572.5 17.5
1573.5 17.5
1574.5 22.5
1575.5 25
1576.5 10
1577.5 27.5
1578.5 20
1579.5 25
1580.5 15
1581.5 15
1582.5 12.5
1583.5 12.5
1584.5 20
1585.5 15
1586.5 12.5
1587.5 12.5
1588.5 20
1589.5 25
1590.5 12.5
1591.5 30
1592.5 20
1593.5 37.5
1594.5 12.5
1595.5 12.5
1596.5 20
1597.5 2.5
1598.5 17.5
1599.5 17.5
1600.5 7.5
1601.5 10
1602.5 20
1603.5 12.5
1604.5 17.5
1605.5 15
1606.5 10
1607.5 7.5
1608.5 10
1609.5 12.5
1610.5 15
1611.5 17.5
1612.5 17.5
1613.5 20
1614.5 7.5
1615.5 10
1616.5 7.5
1617.5 22.5
1618.5 2.5
1619.5 17.5
1620.5 15
1621.5 7.5
1622.5 20
1623.5 20
1624.5 20
1625.5 22.5
1626.5 12.5
1627.5 22.5
1628.5 15
1629.5 15
1630.5 10
1631.5 25
1632.5 12.5
1633.5 10
1634.5 12.5
1635.5 22.5
1636.5 12.5
1637.5 22.5
1638.5 15
1639.5 10
1640.5 12.5
1641.5 15
1642.5 27.5
1643.5 10
1644.5 15
1645.5 22.5
1646.5 30
1647.5 15
1648.5 15
1649.5 12.5
1650.5 17.5
1651.5 15
1652.5 12.5
1653.5 12.5
1654.5 37.5
1655.5 7.5
1656.5 22.5
1657.5 30
1658.5 20
1659.5 2.5
1660.5 7.5
1661.5 5
1662.5 15
1663.5 15
1664.5 20
1665.5 27.5
1666.5 17.5
1667.5 15
1668.5 12.5
1669.5 17.5
1670.5 17.5
1671.5 2.5
1672.5 20
1673.5 22.5
1674.5 17.5
1675.5 10
1676.5 15
1677.5 10
1678.5 10
1679.5 10
1680.5 22.5
1681.5 12.5
1682.5 7.5
1683.5 25
1684.5 10
1685.5 10
1686.5 10
1687.5 20
1688.5 5
1689.5 12.5
1690.5 25
1691.5 7.5
1692.5 35
1693.5 10
1694.5 27.5
1695.5 20
1696.5 12.5
1697.5 20
1698.5 10
1699.5 15
1700.5 22.5
1701.5 5
1702.5 5
1703.5 5
1704.5 27.5
1705.5 17.5
1706.5 12.5
1707.5 25
1708.5 17.5
1709.5 10
1710.5 20
1711.5 7.5
1712.5 20
1713.5 15
1714.5 25
1715.5 12.5
1716.5 12.5
1717.5 22.5
1718.5 10
1719.5 15
1720.5 7.5
1721.5 10
1722.5 7.5
1723.5 10
1724.5 12.5
1725.5 22.5
1726.5 17.5
1727.5 12.5
1728.5 15
1729.5 12.5
1730.5 22.5
1731.5 5
1732.5 20
1733.5 10
1734.5 7.5
1735.5 12.5
1736.5 12.5
1737.5 20
1738.5 17.5
1739.5 17.5
1740.5 12.5
1741.5 20
1742.5 15
1743.5 15
1744.5 12.5
1745.5 25
1746.5 7.5
1747.5 15
1748.5 12.5
1749.5 17.5
1750.5 17.5
1751.5 20
1752.5 17.5
1753.5 22.5
1754.5 17.5
1755.5 7.5
1756.5 15
1757.5 12.5
1758.5 10
1759.5 10
1760.5 20
1761.5 5
1762.5 12.5
1763.5 10
1764.5 15
1765.5 10
1766.5 10
1767.5 7.5
1768.5 20
1769.5 17.5
1770.5 10
1771.5 10
1772.5 20
1773.5 17.5
1774.5 15
1775.5 10
1776.5 17.5
1777.5 17.5
1778.5 22.5
1779.5 17.5
1780.5 15
1781.5 22.5
1782.5 22.5
1783.5 10
1784.5 12.5
1785.5 17.5
1786.5 17.5
1787.5 5
1788.5 7.5
1789.5 10
1790.5 20
1791.5 20
1792.5 10
1793.5 15
1794.5 15
1795.5 15
1796.5 10
1797.5 12.5
1798.5 10
1799.5 20
1800.5 10
1801.5 7.5
1802.5 2.5
1803.5 17.5
1804.5 22.5
1805.5 20
1806.5 12.5
1807.5 10
1808.5 12.5
1809.5 22.5
1810.5 7.5
1811.5 20
1812.5 10
1813.5 10
1814.5 20
1815.5 20
1816.5 17.5
1817.5 5
1818.5 2.5
1819.5 7.5
1820.5 7.5
1821.5 17.5
1822.5 22.5
1823.5 25
1824.5 15
1825.5 15
1826.5 7.5
1827.5 25
1828.5 12.5
1829.5 20
1830.5 15
1831.5 10
1832.5 17.5
1833.5 10
1834.5 25
1835.5 17.5
1836.5 20
1837.5 10
1838.5 25
1839.5 20
1840.5 17.5
1841.5 20
1842.5 7.5
1843.5 20
1844.5 17.5
1845.5 20
1846.5 27.5
1847.5 22.5
1848.5 10
1849.5 5
1850.5 15
1851.5 20
1852.5 10
1853.5 20
1854.5 15
1855.5 22.5
1856.5 15
1857.5 5
1858.5 5
1859.5 17.5
1860.5 10
1861.5 7.5
1862.5 10
1863.5 22.5
1864.5 12.5
1865.5 12.5
1866.5 12.5
1867.5 10
1868.5 12.5
1869.5 20
1870.5 7.5
1871.5 20
1872.5 7.5
1873.5 15
1874.5 15
1875.5 10
1876.5 7.5
1877.5 12.5
1878.5 20
1879.5 12.5
1880.5 10
1881.5 12.5
1882.5 10
1883.5 2.5
1884.5 5
1885.5 27.5
1886.5 12.5
1887.5 10
1888.5 10
1889.5 35
1890.5 17.5
1891.5 10
1892.5 22.5
1893.5 10
1894.5 17.5
1895.5 12.5
1896.5 12.5
1897.5 10
1898.5 20
1899.5 12.5
1900.5 17.5
1901.5 12.5
1902.5 20
1903.5 20
1904.5 7.5
1905.5 12.5
1906.5 10
1907.5 17.5
1908.5 15
1909.5 15
1910.5 12.5
1911.5 7.5
1912.5 10
1913.5 7.5
1914.5 20
1915.5 17.5
1916.5 15
1917.5 7.5
1918.5 10
1919.5 7.5
1920.5 12.5
1921.5 15
1922.5 20
1923.5 7.5
1924.5 12.5
1925.5 12.5
1926.5 10
1927.5 10
1928.5 10
1929.5 10
1930.5 7.5
1931.5 5
1932.5 20
1933.5 20
1934.5 12.5
1935.5 20
1936.5 12.5
1937.5 20
1938.5 12.5
1939.5 12.5
1940.5 20
1941.5 10
1942.5 5
1943.5 7.5
1944.5 12.5
1945.5 15
1946.5 7.5
1947.5 12.5
1948.5 27.5
1949.5 22.5
1950.5 5
1951.5 20
1952.5 5
1953.5 15
1954.5 12.5
1955.5 10
1956.5 5
1957.5 10
1958.5 7.5
1959.5 0
1960.5 2.5
1961.5 12.5
1962.5 12.5
1963.5 12.5
1964.5 7.5
1965.5 2.5
1966.5 7.5
1967.5 10
1968.5 12.5
1969.5 5
1970.5 10
1971.5 10
1972.5 7.5
1973.5 5
1974.5 5
1975.5 7.5
1976.5 10
1977.5 10
1978.5 20
1979.5 17.5
1980.5 7.5
1981.5 12.5
1982.5 12.5
1983.5 25
1984.5 12.5
1985.5 7.5
1986.5 17.5
1987.5 15
1988.5 12.5
1989.5 7.5
1990.5 15
1991.5 17.5
1992.5 15
1993.5 7.5
1994.5 7.5
1995.5 7.5
1996.5 10
1997.5 17.5
1998.5 10
1999.5 15
2000.5 10
2001.5 5
2002.5 15
2003.5 27.5
2004.5 10
2005.5 15
2006.5 10
2007.5 15
2008.5 10
2009.5 20
2010.5 17.5
2011.5 10
2012.5 10
2013.5 5
2014.5 10
2015.5 17.5
2016.5 10
2017.5 7.5
2018.5 7.5
2019.5 7.5
2020.5 22.5
2021.5 20
2022.5 20
2023.5 5
2024.5 7.5
2025.5 12.5
2026.5 7.5
2027.5 15
2028.5 15
2029.5 15
2030.5 5
2031.5 10
2032.5 2.5
2033.5 20
2034.5 20
2035.5 5
2036.5 15
2037.5 17.5
2038.5 20
2039.5 12.5
2040.5 15
2041.5 12.5
2042.5 10
2043.5 15
2044.5 5
2045.5 7.5
2046.5 5
2047.5 10
2048.5 7.5
2049.5 15
2050.5 12.5
2051.5 10
2052.5 15
2053.5 12.5
2054.5 15
2055.5 15
2056.5 22.5
2057.5 15
2058.5 12.5
2059.5 12.5
2060.5 7.5
2061.5 17.5
2062.5 12.5
2063.5 7.5
2064.5 12.5
2065.5 10
2066.5 7.5
2067.5 15
2068.5 17.5
2069.5 15
2070.5 12.5
2071.5 17.5
2072.5 10
2073.5 7.5
2074.5 7.5
2075.5 12.5
2076.5 0
2077.5 10
2078.5 15
2079.5 12.5
2080.5 7.5
2081.5 7.5
2082.5 7.5
2083.5 10
2084.5 15
2085.5 7.5
2086.5 10
2087.5 12.5
2088.5 7.5
2089.5 10
2090.5 10
2091.5 22.5
2092.5 12.5
2093.5 17.5
2094.5 17.5
2095.5 22.5
2096.5 5
2097.5 7.5
2098.5 5
2099.5 5
2100.5 20
2101.5 12.5
2102.5 12.5
2103.5 12.5
2104.5 12.5
2105.5 2.5
2106.5 7.5
2107.5 7.5
2108.5 5
2109.5 20
2110.5 10
2111.5 7.5
2112.5 7.5
2113.5 10
2114.5 7.5
2115.5 12.5
2116.5 22.5
2117.5 7.5
2118.5 5
2119.5 10
2120.5 7.5
2121.5 10
2122.5 10
2123.5 15
2124.5 5
2125.5 20
2126.5 15
2127.5 5
2128.5 10
2129.5 15
2130.5 7.5
2131.5 17.5
2132.5 10
2133.5 7.5
2134.5 12.5
2135.5 7.5
2136.5 20
2137.5 5
2138.5 10
2139.5 10
2140.5 5
2141.5 15
2142.5 15
2143.5 17.5
2144.5 5
2145.5 15
2146.5 12.5
2147.5 7.5
2148.5 20
2149.5 12.5
2150.5 10
2151.5 12.5
2152.5 12.5
2153.5 5
2154.5 15
2155.5 22.5
2156.5 10
2157.5 5
2158.5 10
2159.5 17.5
2160.5 12.5
2161.5 5
2162.5 12.5
2163.5 12.5
2164.5 7.5
2165.5 7.5
2166.5 15
2167.5 17.5
2168.5 7.5
2169.5 10
2170.5 15
2171.5 5
2172.5 5
2173.5 17.5
2174.5 7.5
2175.5 7.5
2176.5 12.5
2177.5 12.5
2178.5 5
2179.5 2.5
2180.5 12.5
2181.5 5
2182.5 0
2183.5 10
2184.5 12.5
2185.5 17.5
2186.5 15
2187.5 7.5
2188.5 10
2189.5 7.5
2190.5 10
2191.5 12.5
2192.5 10
2193.5 7.5
2194.5 17.5
2195.5 10
2196.5 5
2197.5 12.5
2198.5 10
2199.5 10
2200.5 15
2201.5 5
2202.5 5
2203.5 10
2204.5 5
2205.5 17.5
2206.5 25
2207.5 5
2208.5 5
2209.5 0
2210.5 12.5
2211.5 12.5
2212.5 7.5
2213.5 30
2214.5 25
2215.5 17.5
2216.5 10
2217.5 15
2218.5 7.5
2219.5 7.5
2220.5 17.5
2221.5 15
2222.5 7.5
2223.5 17.5
2224.5 2.5
2225.5 7.5
2226.5 12.5
2227.5 10
2228.5 7.5
2229.5 2.5
2230.5 7.5
2231.5 15
2232.5 0
2233.5 20
2234.5 5
2235.5 20
2236.5 7.5
2237.5 10
2238.5 12.5
2239.5 12.5
2240.5 12.5
2241.5 12.5
2242.5 10
2243.5 12.5
2244.5 17.5
2245.5 17.5
2246.5 2.5
2247.5 7.5
2248.5 10
2249.5 10
2250.5 5
2251.5 0
2252.5 12.5
2253.5 10
2254.5 10
2255.5 10
2256.5 15
2257.5 10
2258.5 7.5
2259.5 17.5
2260.5 7.5
2261.5 10
2262.5 7.5
2263.5 0
2264.5 5
2265.5 12.5
2266.5 7.5
2267.5 5
2268.5 2.5
2269.5 10
2270.5 0
2271.5 12.5
2272.5 5
2273.5 17.5
2274.5 10
2275.5 12.5
2276.5 10
2277.5 10
2278.5 10
2279.5 0
2280.5 7.5
2281.5 5
2282.5 7.5
2283.5 2.5
2284.5 5
2285.5 12.5
2286.5 2.5
2287.5 10
2288.5 7.5
2289.5 7.5
2290.5 0
2291.5 10
2292.5 22.5
2293.5 2.5
2294.5 7.5
2295.5 10
2296.5 5
2297.5 7.5
2298.5 7.5
2299.5 10
2300.5 20
2301.5 12.5
2302.5 7.5
2303.5 25
2304.5 10
2305.5 10
2306.5 15
2307.5 20
2308.5 20
2309.5 12.5
2310.5 20
2311.5 5
2312.5 7.5
2313.5 2.5
2314.5 2.5
2315.5 15
2316.5 7.5
2317.5 15
2318.5 10
2319.5 17.5
2320.5 15
2321.5 2.5
2322.5 12.5
2323.5 7.5
2324.5 10
2325.5 12.5
2326.5 20
2327.5 15
2328.5 25
2329.5 15
2330.5 10
2331.5 7.5
2332.5 0
2333.5 5
2334.5 10
2335.5 5
2336.5 10
2337.5 10
2338.5 2.5
2339.5 5
2340.5 10
2341.5 12.5
2342.5 10
2343.5 7.5
2344.5 12.5
2345.5 2.5
2346.5 10
2347.5 7.5
2348.5 10
2349.5 10
2350.5 10
2351.5 7.5
2352.5 20
2353.5 10
2354.5 10
2355.5 5
2356.5 15
2357.5 7.5
2358.5 12.5
2359.5 15
2360.5 15
2361.5 2.5
2362.5 17.5
2363.5 7.5
2364.5 17.5
2365.5 10
2366.5 5
2367.5 10
2368.5 15
2369.5 12.5
2370.5 12.5
2371.5 12.5
2372.5 10
2373.5 10
2374.5 10
2375.5 17.5
2376.5 12.5
2377.5 5
2378.5 10
2379.5 0
2380.5 10
2381.5 10
2382.5 5
2383.5 5
2384.5 10
2385.5 5
2386.5 7.5
2387.5 10
2388.5 5
2389.5 10
2390.5 10
2391.5 2.5
2392.5 10
2393.5 10
2394.5 15
2395.5 5
2396.5 5
2397.5 10
2398.5 15
2399.5 7.5
2400.5 5
2401.5 15
2402.5 5
2403.5 2.5
2404.5 5
2405.5 7.5
2406.5 7.5
2407.5 2.5
2408.5 10
2409.5 5
2410.5 15
2411.5 5
2412.5 10
2413.5 10
2414.5 5
2415.5 10
2416.5 7.5
2417.5 7.5
2418.5 10
2419.5 7.5
2420.5 12.5
2421.5 17.5
2422.5 17.5
2423.5 12.5
2424.5 15
2425.5 7.5
2426.5 5
2427.5 5
2428.5 7.5
2429.5 7.5
2430.5 2.5
2431.5 5
2432.5 15
2433.5 7.5
2434.5 7.5
2435.5 12.5
2436.5 10
2437.5 7.5
2438.5 15
2439.5 15
2440.5 15
2441.5 15
2442.5 2.5
2443.5 7.5
2444.5 10
2445.5 12.5
2446.5 7.5
2447.5 12.5
2448.5 15
2449.5 12.5
2450.5 2.5
2451.5 10
2452.5 10
2453.5 2.5
2454.5 10
2455.5 15
2456.5 10
2457.5 12.5
2458.5 10
2459.5 5
2460.5 7.5
2461.5 20
2462.5 10
2463.5 5
2464.5 2.5
2465.5 7.5
2466.5 2.5
2467.5 10
2468.5 2.5
2469.5 2.5
2470.5 10
2471.5 17.5
2472.5 5
2473.5 12.5
2474.5 2.5
2475.5 10
2476.5 15
2477.5 7.5
2478.5 10
2479.5 0
2480.5 2.5
2481.5 0
2482.5 10
2483.5 10
2484.5 15
2485.5 25
2486.5 0
2487.5 2.5
2488.5 12.5
2489.5 15
2490.5 2.5
2491.5 7.5
2492.5 22.5
2493.5 10
2494.5 5
2495.5 10
2496.5 2.5
2497.5 5
2498.5 10
2499.5 7.5
2500.5 15
2501.5 5
2502.5 0
2503.5 7.5
2504.5 15
2505.5 10
2506.5 7.5
2507.5 7.5
2508.5 10
2509.5 7.5
2510.5 12.5
2511.5 20
2512.5 7.5
2513.5 7.5
2514.5 7.5
2515.5 12.5
2516.5 2.5
2517.5 12.5
2518.5 17.5
2519.5 10
2520.5 12.5
2521.5 7.5
2522.5 7.5
2523.5 5
2524.5 5
2525.5 5
2526.5 7.5
2527.5 15
2528.5 12.5
2529.5 10
2530.5 10
2531.5 2.5
2532.5 7.5
2533.5 20
2534.5 5
2535.5 20
2536.5 2.5
2537.5 7.5
2538.5 17.5
2539.5 20
2540.5 7.5
2541.5 15
2542.5 10
2543.5 7.5
2544.5 10
2545.5 7.5
2546.5 7.5
2547.5 10
2548.5 7.5
2549.5 12.5
2550.5 7.5
2551.5 7.5
2552.5 10
2553.5 7.5
2554.5 7.5
2555.5 10
2556.5 15
2557.5 5
2558.5 10
2559.5 7.5
2560.5 7.5
2561.5 5
2562.5 5
2563.5 15
2564.5 10
2565.5 10
2566.5 5
2567.5 12.5
2568.5 12.5
2569.5 5
2570.5 10
2571.5 7.5
2572.5 0
2573.5 10
2574.5 17.5
2575.5 5
2576.5 12.5
2577.5 2.5
2578.5 12.5
2579.5 7.5
2580.5 12.5
2581.5 7.5
2582.5 2.5
2583.5 7.5
2584.5 5
2585.5 2.5
2586.5 10
2587.5 12.5
2588.5 10
2589.5 7.5
2590.5 2.5
2591.5 12.5
2592.5 7.5
2593.5 10
2594.5 5
2595.5 5
2596.5 10
2597.5 2.5
2598.5 10
2599.5 2.5
2600.5 0
2601.5 7.5
2602.5 10
2603.5 2.5
2604.5 10
2605.5 22.5
2606.5 0
2607.5 2.5
2608.5 12.5
2609.5 17.5
2610.5 2.5
2611.5 10
2612.5 5
2613.5 10
2614.5 12.5
2615.5 2.5
2616.5 15
2617.5 12.5
2618.5 15
2619.5 5
2620.5 12.5
2621.5 7.5
2622.5 10
2623.5 7.5
2624.5 2.5
2625.5 7.5
2626.5 15
2627.5 2.5
2628.5 12.5
2629.5 10
2630.5 7.5
2631.5 10
2632.5 12.5
2633.5 7.5
2634.5 7.5
2635.5 7.5
2636.5 12.5
2637.5 2.5
2638.5 5
2639.5 10
2640.5 5
2641.5 10
2642.5 17.5
2643.5 5
2644.5 7.5
2645.5 5
2646.5 7.5
2647.5 5
2648.5 12.5
2649.5 5
2650.5 7.5
2651.5 7.5
2652.5 10
2653.5 12.5
2654.5 7.5
2655.5 2.5
2656.5 12.5
2657.5 12.5
2658.5 7.5
2659.5 5
2660.5 10
2661.5 2.5
2662.5 10
2663.5 10
2664.5 5
2665.5 2.5
2666.5 12.5
2667.5 7.5
2668.5 7.5
2669.5 12.5
2670.5 10
2671.5 5
2672.5 12.5
2673.5 0
2674.5 10
2675.5 2.5
2676.5 7.5
2677.5 7.5
2678.5 17.5
2679.5 5
2680.5 5
2681.5 2.5
2682.5 10
2683.5 12.5
2684.5 10
2685.5 12.5
2686.5 12.5
2687.5 5
2688.5 5
2689.5 5
2690.5 15
2691.5 10
2692.5 2.5
2693.5 15
2694.5 10
2695.5 5
2696.5 7.5
2697.5 7.5
2698.5 10
2699.5 5
2700.5 5
2701.5 2.5
2702.5 10
2703.5 7.5
2704.5 12.5
2705.5 5
2706.5 7.5
2707.5 5
2708.5 2.5
2709.5 5
2710.5 12.5
2711.5 5
2712.5 7.5
2713.5 2.5
2714.5 5
2715.5 10
2716.5 5
2717.5 5
2718.5 12.5
2719.5 2.5
2720.5 5
2721.5 12.5
2722.5 12.5
2723.5 15
2724.5 10
2725.5 2.5
2726.5 5
2727.5 5
2728.5 5
2729.5 5
2730.5 12.5
2731.5 12.5
2732.5 7.5
2733.5 7.5
2734.5 2.5
2735.5 10
2736.5 12.5
2737.5 0
2738.5 5
2739.5 7.5
2740.5 10
2741.5 15
2742.5 7.5
2743.5 10
2744.5 10
2745.5 7.5
2746.5 2.5
2747.5 0
2748.5 2.5
2749.5 12.5
2750.5 7.5
2751.5 7.5
2752.5 5
2753.5 2.5
2754.5 17.5
2755.5 5
2756.5 7.5
2757.5 2.5
2758.5 7.5
2759.5 12.5
2760.5 22.5
2761.5 2.5
2762.5 10
2763.5 12.5
2764.5 15
2765.5 0
2766.5 2.5
2767.5 10
2768.5 12.5
2769.5 7.5
2770.5 5
2771.5 5
2772.5 15
2773.5 7.5
2774.5 10
2775.5 5
2776.5 12.5
2777.5 5
2778.5 5
2779.5 7.5
2780.5 2.5
2781.5 7.5
2782.5 7.5
2783.5 7.5
2784.5 2.5
2785.5 7.5
2786.5 10
2787.5 10
2788.5 7.5
2789.5 2.5
2790.5 15
2791.5 5
2792.5 5
2793.5 5
2794.5 15
2795.5 5
2796.5 2.5
2797.5 5
2798.5 5
2799.5 7.5
2800.5 7.5
2801.5 15
2802.5 5
2803.5 12.5
2804.5 7.5
2805.5 7.5
2806.5 5
2807.5 12.5
2808.5 5
2809.5 7.5
2810.5 5
2811.5 15
2812.5 7.5
2813.5 5
2814.5 0
2815.5 17.5
2816.5 12.5
2817.5 7.5
2818.5 10
2819.5 2.5
2820.5 5
2821.5 2.5
2822.5 5
2823.5 7.5
2824.5 15
2825.5 2.5
2826.5 15
2827.5 15
2828.5 2.5
2829.5 7.5
2830.5 5
2831.5 5
2832.5 2.5
2833.5 2.5
2834.5 12.5
2835.5 7.5
2836.5 7.5
2837.5 12.5
2838.5 5
2839.5 5
2840.5 5
2841.5 2.5
2842.5 2.5
2843.5 10
2844.5 15
2845.5 2.5
2846.5 10
2847.5 2.5
2848.5 7.5
2849.5 12.5
2850.5 2.5
2851.5 5
2852.5 7.5
2853.5 5
2854.5 7.5
2855.5 7.5
2856.5 7.5
2857.5 7.5
2858.5 7.5
2859.5 12.5
2860.5 7.5
2861.5 10
2862.5 5
2863.5 10
2864.5 10
2865.5 10
2866.5 2.5
2867.5 5
2868.5 5
2869.5 5
2870.5 7.5
2871.5 5
2872.5 7.5
2873.5 5
2874.5 12.5
2875.5 5
2876.5 2.5
2877.5 7.5
2878.5 7.5
2879.5 10
2880.5 15
2881.5 7.5
2882.5 2.5
2883.5 5
2884.5 7.5
2885.5 10
2886.5 5
2887.5 0
2888.5 12.5
2889.5 2.5
2890.5 7.5
2891.5 7.5
2892.5 7.5
2893.5 12.5
2894.5 12.5
2895.5 5
2896.5 12.5
2897.5 10
2898.5 7.5
2899.5 2.5
2900.5 5
2901.5 0
2902.5 12.5
2903.5 7.5
2904.5 5
2905.5 12.5
2906.5 2.5
2907.5 17.5
2908.5 7.5
2909.5 5
2910.5 2.5
2911.5 7.5
2912.5 10
2913.5 2.5
2914.5 7.5
2915.5 0
2916.5 0
2917.5 17.5
2918.5 5
2919.5 20
2920.5 0
2921.5 5
2922.5 2.5
2923.5 10
2924.5 2.5
2925.5 0
2926.5 12.5
2927.5 0
2928.5 7.5
2929.5 12.5
2930.5 17.5
2931.5 2.5
2932.5 7.5
2933.5 7.5
2934.5 17.5
2935.5 5
2936.5 12.5
2937.5 7.5
2938.5 2.5
2939.5 2.5
2940.5 12.5
2941.5 12.5
2942.5 0
2943.5 5
2944.5 5
2945.5 2.5
2946.5 2.5
2947.5 17.5
2948.5 5
2949.5 5
2950.5 2.5
2951.5 5
2952.5 7.5
2953.5 2.5
2954.5 5
2955.5 7.5
2956.5 2.5
2957.5 7.5
2958.5 5
2959.5 5
2960.5 2.5
2961.5 12.5
2962.5 12.5
2963.5 0
2964.5 2.5
2965.5 10
2966.5 5
2967.5 7.5
2968.5 7.5
2969.5 7.5
2970.5 5
2971.5 22.5
2972.5 7.5
2973.5 5
2974.5 2.5
2975.5 5
2976.5 12.5
2977.5 12.5
2978.5 15
2979.5 7.5
2980.5 10
2981.5 0
2982.5 5
2983.5 7.5
2984.5 7.5
2985.5 5
2986.5 2.5
2987.5 5
2988.5 5
2989.5 5
2990.5 7.5
2991.5 2.5
2992.5 0
2993.5 12.5
2994.5 5
2995.5 7.5
2996.5 2.5
2997.5 5
2998.5 5
2999.5 7.5
3000.5 10
3001.5 10
3002.5 5
3003.5 0
3004.5 0
3005.5 10
3006.5 5
3007.5 10
3008.5 5
3009.5 5
3010.5 7.5
3011.5 5
3012.5 12.5
3013.5 12.5
3014.5 10
3015.5 5
3016.5 25
3017.5 7.5
3018.5 10
3019.5 7.5
3020.5 0
3021.5 10
3022.5 7.5
3023.5 5
3024.5 10
3025.5 12.5
3026.5 5
3027.5 5
3028.5 12.5
3029.5 2.5
3030.5 5
3031.5 5
3032.5 5
3033.5 2.5
3034.5 5
3035.5 5
3036.5 7.5
3037.5 2.5
3038.5 5
3039.5 10
3040.5 15
3041.5 5
3042.5 2.5
3043.5 5
3044.5 7.5
3045.5 10
3046.5 12.5
3047.5 2.5
3048.5 10
3049.5 10
3050.5 2.5
3051.5 7.5
3052.5 2.5
3053.5 10
3054.5 7.5
3055.5 12.5
3056.5 5
3057.5 0
3058.5 2.5
3059.5 7.5
3060.5 7.5
3061.5 7.5
3062.5 2.5
3063.5 7.5
3064.5 2.5
3065.5 7.5
3066.5 2.5
3067.5 0
3068.5 7.5
3069.5 7.5
3070.5 10
3071.5 7.5
3072.5 10
3073.5 10
3074.5 7.5
3075.5 5
3076.5 5
3077.5 0
3078.5 2.5
3079.5 0
3080.5 5
3081.5 5
3082.5 5
3083.5 7.5
3084.5 7.5
3085.5 2.5
3086.5 2.5
3087.5 10
3088.5 5
3089.5 0
3090.5 7.5
3091.5 5
3092.5 20
3093.5 5
3094.5 5
3095.5 15
3096.5 5
3097.5 5
3098.5 15
3099.5 7.5
3100.5 0
3101.5 5
3102.5 10
3103.5 2.5
3104.5 2.5
3105.5 10
3106.5 2.5
3107.5 2.5
3108.5 12.5
3109.5 7.5
3110.5 2.5
3111.5 2.5
3112.5 2.5
3113.5 2.5
3114.5 2.5
3115.5 10
3116.5 5
3117.5 0
3118.5 7.5
3119.5 2.5
3120.5 12.5
3121.5 5
3122.5 10
3123.5 22.5
3124.5 12.5
3125.5 5
3126.5 2.5
3127.5 5
3128.5 7.5
3129.5 7.5
3130.5 2.5
3131.5 10
3132.5 5
3133.5 5
3134.5 12.5
3135.5 5
3136.5 5
3137.5 2.5
3138.5 10
3139.5 2.5
3140.5 10
3141.5 12.5
3142.5 5
3143.5 12.5
3144.5 2.5
3145.5 10
3146.5 17.5
3147.5 5
3148.5 0
3149.5 7.5
3150.5 2.5
3151.5 10
3152.5 5
3153.5 2.5
3154.5 5
3155.5 2.5
3156.5 0
3157.5 12.5
3158.5 10
3159.5 5
3160.5 7.5
3161.5 10
3162.5 7.5
3163.5 2.5
3164.5 7.5
3165.5 2.5
3166.5 2.5
3167.5 5
3168.5 5
3169.5 7.5
3170.5 5
3171.5 7.5
3172.5 5
3173.5 5
3174.5 10
3175.5 2.5
3176.5 2.5
3177.5 2.5
3178.5 5
3179.5 7.5
3180.5 7.5
3181.5 5
3182.5 7.5
3183.5 7.5
3184.5 2.5
3185.5 15
3186.5 5
3187.5 10
3188.5 12.5
3189.5 2.5
3190.5 5
3191.5 0
3192.5 2.5
3193.5 2.5
3194.5 15
3195.5 12.5
3196.5 17.5
3197.5 2.5
3198.5 5
3199.5 2.5
3200.5 2.5
3201.5 2.5
3202.5 2.5
3203.5 5
3204.5 5
3205.5 7.5
3206.5 5
3207.5 10
3208.5 0
3209.5 5
3210.5 7.5
3211.5 2.5
3212.5 7.5
3213.5 7.5
3214.5 2.5
3215.5 5
3216.5 2.5
3217.5 2.5
3218.5 0
3219.5 5
3220.5 10
3221.5 7.5
3222.5 5
3223.5 2.5
3224.5 0
3225.5 2.5
3226.5 5
3227.5 5
3228.5 10
3229.5 2.5
3230.5 2.5
3231.5 10
3232.5 5
3233.5 7.5
3234.5 5
3235.5 0
3236.5 2.5
3237.5 10
3238.5 7.5
3239.5 10
3240.5 12.5
3241.5 5
3242.5 10
3243.5 10
3244.5 5
3245.5 2.5
3246.5 7.5
3247.5 10
3248.5 5
3249.5 10
3250.5 5
3251.5 2.5
3252.5 7.5
3253.5 5
3254.5 12.5
3255.5 7.5
3256.5 5
3257.5 7.5
3258.5 2.5
3259.5 2.5
3260.5 5
3261.5 7.5
3262.5 7.5
3263.5 5
3264.5 7.5
3265.5 5
3266.5 2.5
3267.5 2.5
3268.5 7.5
3269.5 2.5
3270.5 10
3271.5 0
3272.5 5
3273.5 5
3274.5 7.5
3275.5 10
3276.5 5
3277.5 2.5
3278.5 7.5
3279.5 10
3280.5 0
3281.5 7.5
3282.5 5
3283.5 10
3284.5 0
3285.5 7.5
3286.5 7.5
3287.5 2.5
3288.5 10
3289.5 5
3290.5 0
3291.5 10
3292.5 5
3293.5 5
3294.5 0
3295.5 0
3296.5 2.5
3297.5 5
3298.5 2.5
3299.5 0
3300.5 2.5
3301.5 2.5
3302.5 5
3303.5 2.5
3304.5 2.5
3305.5 2.5
3306.5 7.5
3307.5 7.5
3308.5 10
3309.5 5
3310.5 7.5
3311.5 5
3312.5 0
3313.5 7.5
3314.5 5
3315.5 2.5
3316.5 0
3317.5 5
3318.5 5
3319.5 2.5
3320.5 7.5
3321.5 0
3322.5 0
3323.5 20
3324.5 5
3325.5 7.5
3326.5 7.5
3327.5 10
3328.5 0
3329.5 0
3330.5 5
3331.5 7.5
3332.5 5
3333.5 7.5
3334.5 7.5
3335.5 7.5
3336.5 10
3337.5 5
3338.5 0
3339.5 7.5
3340.5 7.5
3341.5 5
3342.5 5
3343.5 2.5
3344.5 12.5
3345.5 7.5
3346.5 7.5
3347.5 2.5
3348.5 10
3349.5 5
3350.5 5
3351.5 0
3352.5 5
3353.5 5
3354.5 5
3355.5 2.5
3356.5 2.5
3357.5 10
3358.5 5
3359.5 2.5
3360.5 12.5
3361.5 5
3362.5 5
3363.5 7.5
3364.5 5
3365.5 12.5
3366.5 7.5
3367.5 5
3368.5 5
3369.5 15
3370.5 0
3371.5 10
3372.5 10
3373.5 2.5
3374.5 17.5
3375.5 2.5
3376.5 5
3377.5 7.5
3378.5 7.5
3379.5 5
3380.5 7.5
3381.5 7.5
3382.5 10
3383.5 7.5
3384.5 0
3385.5 5
3386.5 7.5
3387.5 2.5
3388.5 5
3389.5 5
3390.5 7.5
3391.5 12.5
3392.5 10
3393.5 5
3394.5 2.5
3395.5 5
3396.5 2.5
3397.5 0
3398.5 2.5
3399.5 10
3400.5 7.5
3401.5 7.5
3402.5 5
3403.5 2.5
3404.5 5
3405.5 5
3406.5 5
3407.5 12.5
3408.5 17.5
3409.5 2.5
3410.5 2.5
3411.5 7.5
3412.5 2.5
3413.5 20
3414.5 2.5
3415.5 10
3416.5 7.5
3417.5 10
3418.5 7.5
3419.5 7.5
3420.5 7.5
3421.5 2.5
3422.5 7.5
3423.5 15
3424.5 2.5
3425.5 10
3426.5 5
3427.5 7.5
3428.5 17.5
3429.5 0
3430.5 2.5
3431.5 2.5
3432.5 5
3433.5 7.5
3434.5 5
3435.5 0
3436.5 10
3437.5 0
3438.5 7.5
3439.5 0
3440.5 5
3441.5 0
3442.5 12.5
3443.5 7.5
3444.5 5
3445.5 2.5
3446.5 7.5
3447.5 0
3448.5 10
3449.5 2.5
3450.5 7.5
3451.5 7.5
3452.5 2.5
3453.5 5
3454.5 2.5
3455.5 0
3456.5 15
3457.5 2.5
3458.5 5
3459.5 10
3460.5 5
3461.5 2.5
3462.5 10
3463.5 0
3464.5 2.5
3465.5 2.5
3466.5 12.5
3467.5 5
3468.5 5
3469.5 17.5
3470.5 0
3471.5 7.5
3472.5 7.5
3473.5 12.5
3474.5 12.5
3475.5 2.5
3476.5 5
3477.5 2.5
3478.5 7.5
3479.5 5
3480.5 2.5
3481.5 2.5
3482.5 7.5
3483.5 2.5
3484.5 2.5
3485.5 2.5
3486.5 7.5
3487.5 0
3488.5 5
3489.5 10
3490.5 2.5
3491.5 0
3492.5 7.5
3493.5 7.5
3494.5 12.5
3495.5 7.5
3496.5 2.5
3497.5 2.5
3498.5 7.5
3499.5 10
3500.5 2.5
3501.5 2.5
3502.5 7.5
3503.5 2.5
3504.5 2.5
3505.5 2.5
3506.5 2.5
3507.5 2.5
3508.5 5
3509.5 10
3510.5 2.5
3511.5 2.5
3512.5 7.5
3513.5 0
3514.5 2.5
3515.5 5
3516.5 0
3517.5 0
3518.5 7.5
3519.5 0
3520.5 7.5
3521.5 0
3522.5 7.5
3523.5 2.5
3524.5 2.5
3525.5 0
3526.5 12.5
3527.5 0
3528.5 5
3529.5 0
3530.5 10
3531.5 0
3532.5 0
3533.5 2.5
3534.5 7.5
3535.5 5
3536.5 5
3537.5 7.5
3538.5 5
3539.5 5
3540.5 2.5
3541.5 2.5
3542.5 10
3543.5 2.5
3544.5 2.5
3545.5 2.5
3546.5 10
3547.5 0
3548.5 2.5
3549.5 7.5
3550.5 0
3551.5 7.5
3552.5 0
3553.5 7.5
3554.5 2.5
3555.5 0
3556.5 5
3557.5 15
3558.5 0
3559.5 0
3560.5 5
3561.5 10
3562.5 5
3563.5 2.5
3564.5 2.5
3565.5 5
3566.5 2.5
3567.5 0
3568.5 15
3569.5 7.5
3570.5 0
3571.5 5
3572.5 5
3573.5 7.5
3574.5 2.5
3575.5 5
3576.5 10
3577.5 0
3578.5 10
3579.5 10
3580.5 5
3581.5 2.5
3582.5 5
3583.5 2.5
3584.5 2.5
3585.5 7.5
3586.5 7.5
3587.5 7.5
3588.5 10
3589.5 5
3590.5 10
3591.5 2.5
3592.5 5
3593.5 10
3594.5 10
3595.5 2.5
3596.5 5
3597.5 2.5
3598.5 5
3599.5 5
3600.5 5
3601.5 5
3602.5 5
3603.5 0
3604.5 0
3605.5 5
3606.5 2.5
3607.5 0
3608.5 10
3609.5 0
3610.5 0
3611.5 5
3612.5 2.5
3613.5 7.5
3614.5 5
3615.5 5
3616.5 2.5
3617.5 2.5
3618.5 2.5
3619.5 12.5
3620.5 10
3621.5 15
3622.5 7.5
3623.5 2.5
3624.5 2.5
3625.5 2.5
3626.5 2.5
3627.5 10
3628.5 2.5
3629.5 2.5
3630.5 10
3631.5 10
3632.5 10
3633.5 2.5
3634.5 5
3635.5 2.5
3636.5 2.5
3637.5 10
3638.5 5
3639.5 10
3640.5 2.5
3641.5 2.5
3642.5 2.5
3643.5 5
3644.5 7.5
3645.5 5
3646.5 7.5
3647.5 2.5
3648.5 2.5
3649.5 2.5
3650.5 5
3651.5 5
3652.5 2.5
3653.5 5
3654.5 2.5
3655.5 12.5
3656.5 10
3657.5 7.5
3658.5 5
3659.5 5
3660.5 7.5
3661.5 0
3662.5 5
3663.5 5
3664.5 7.5
3665.5 5
3666.5 7.5
3667.5 7.5
3668.5 2.5
3669.5 0
3670.5 5
3671.5 5
3672.5 2.5
3673.5 2.5
3674.5 2.5
3675.5 0
3676.5 2.5
3677.5 7.5
3678.5 7.5
3679.5 5
3680.5 7.5
3681.5 7.5
3682.5 2.5
3683.5 2.5
3684.5 10
3685.5 0
3686.5 2.5
3687.5 7.5
3688.5 2.5
3689.5 2.5
3690.5 12.5
3691.5 10
3692.5 2.5
3693.5 0
3694.5 5
3695.5 0
3696.5 5
3697.5 2.5
3698.5 0
3699.5 2.5
3700.5 0
3701.5 0
3702.5 0
3703.5 5
3704.5 7.5
3705.5 2.5
3706.5 5
3707.5 7.5
3708.5 5
3709.5 2.5
3710.5 7.5
3711.5 5
3712.5 15
3713.5 5
3714.5 0
3715.5 0
3716.5 2.5
3717.5 2.5
3718.5 5
3719.5 12.5
3720.5 7.5
3721.5 2.5
3722.5 2.5
3723.5 5
3724.5 5
3725.5 10
3726.5 2.5
3727.5 7.5
3728.5 2.5
3729.5 7.5
3730.5 0
3731.5 2.5
3732.5 0
3733.5 5
3734.5 2.5
3735.5 0
3736.5 12.5
3737.5 5
3738.5 12.5
3739.5 7.5
3740.5 2.5
3741.5 5
3742.5 5
3743.5 5
3744.5 0
3745.5 5
3746.5 5
3747.5 0
3748.5 2.5
3749.5 7.5
3750.5 10
3751.5 2.5
3752.5 0
3753.5 2.5
3754.5 5
3755.5 5
3756.5 7.5
3757.5 7.5
3758.5 7.5
3759.5 2.5
3760.5 2.5
3761.5 2.5
3762.5 2.5
3763.5 2.5
3764.5 5
3765.5 2.5
3766.5 7.5
3767.5 2.5
3768.5 2.5
3769.5 10
3770.5 7.5
3771.5 12.5
3772.5 0
3773.5 7.5
3774.5 10
3775.5 10
3776.5 2.5
3777.5 2.5
3778.5 2.5
3779.5 5
3780.5 7.5
3781.5 2.5
3782.5 12.5
3783.5 2.5
3784.5 5
3785.5 2.5
3786.5 2.5
3787.5 7.5
3788.5 2.5
3789.5 2.5
3790.5 0
3791.5 5
3792.5 5
3793.5 5
3794.5 5
3795.5 5
3796.5 2.5
3797.5 10
3798.5 5
3799.5 7.5
3800.5 0
3801.5 5
3802.5 0
3803.5 12.5
3804.5 7.5
3805.5 2.5
3806.5 5
3807.5 2.5
3808.5 0
3809.5 5
3810.5 2.5
3811.5 5
3812.5 2.5
3813.5 0
3814.5 5
3815.5 15
3816.5 7.5
3817.5 5
3818.5 0
3819.5 0
3820.5 2.5
3821.5 5
3822.5 2.5
3823.5 10
3824.5 2.5
3825.5 2.5
3826.5 2.5
3827.5 5
3828.5 2.5
3829.5 2.5
3830.5 2.5
3831.5 7.5
3832.5 2.5
3833.5 10
3834.5 7.5
3835.5 5
3836.5 2.5
3837.5 7.5
3838.5 2.5
3839.5 0
3840.5 7.5
3841.5 2.5
3842.5 0
3843.5 7.5
3844.5 7.5
3845.5 5
3846.5 5
3847.5 0
3848.5 5
3849.5 5
3850.5 7.5
3851.5 0
3852.5 5
3853.5 7.5
3854.5 7.5
3855.5 10
3856.5 2.5
3857.5 10
3858.5 2.5
3859.5 2.5
3860.5 2.5
3861.5 5
3862.5 2.5
3863.5 2.5
3864.5 10
3865.5 0
3866.5 7.5
3867.5 2.5
3868.5 5
3869.5 7.5
3870.5 2.5
3871.5 5
3872.5 7.5
3873.5 2.5
3874.5 2.5
3875.5 5
3876.5 2.5
3877.5 0
3878.5 0
3879.5 7.5
3880.5 5
3881.5 2.5
3882.5 5
3883.5 7.5
3884.5 7.5
3885.5 2.5
3886.5 2.5
3887.5 7.5
3888.5 2.5
3889.5 12.5
3890.5 5
3891.5 2.5
3892.5 7.5
3893.5 0
3894.5 7.5
3895.5 2.5
3896.5 0
3897.5 5
3898.5 2.5
3899.5 5
3900.5 2.5
3901.5 0
3902.5 2.5
3903.5 0
3904.5 2.5
3905.5 12.5
3906.5 10
3907.5 5
3908.5 2.5
3909.5 5
3910.5 10
3911.5 5
3912.5 5
3913.5 2.5
3914.5 10
3915.5 5
3916.5 0
3917.5 7.5
3918.5 5
3919.5 10
3920.5 2.5
3921.5 2.5
3922.5 15
3923.5 12.5
3924.5 7.5
3925.5 5
3926.5 12.5
3927.5 0
3928.5 2.5
3929.5 7.5
3930.5 5
3931.5 5
3932.5 2.5
3933.5 7.5
3934.5 7.5
3935.5 0
3936.5 2.5
3937.5 5
3938.5 5
3939.5 7.5
3940.5 5
3941.5 2.5
3942.5 2.5
3943.5 7.5
3944.5 5
3945.5 5
3946.5 2.5
3947.5 2.5
3948.5 0
3949.5 7.5
3950.5 10
3951.5 2.5
3952.5 0
3953.5 5
3954.5 10
3955.5 2.5
3956.5 7.5
3957.5 2.5
3958.5 12.5
3959.5 7.5
3960.5 7.5
3961.5 5
3962.5 2.5
3963.5 2.5
3964.5 7.5
3965.5 10
3966.5 5
3967.5 0
3968.5 7.5
3969.5 0
3970.5 5
3971.5 7.5
3972.5 2.5
3973.5 5
3974.5 2.5
3975.5 0
3976.5 0
3977.5 0
3978.5 10
3979.5 2.5
3980.5 7.5
3981.5 5
3982.5 2.5
3983.5 2.5
3984.5 7.5
3985.5 2.5
3986.5 2.5
3987.5 2.5
3988.5 10
3989.5 2.5
3990.5 5
3991.5 0
3992.5 2.5
3993.5 5
3994.5 7.5
3995.5 7.5
3996.5 7.5
3997.5 2.5
3998.5 7.5
3999.5 7.5
4000.5 7.5
4001.5 12.5
4002.5 7.5
4003.5 7.5
4004.5 2.5
4005.5 15
4006.5 5
4007.5 5
4008.5 2.5
4009.5 10
4010.5 2.5
4011.5 0
4012.5 2.5
4013.5 7.5
4014.5 2.5
4015.5 5
4016.5 2.5
4017.5 7.5
4018.5 2.5
4019.5 2.5
4020.5 2.5
4021.5 5
4022.5 5
4023.5 5
4024.5 5
4025.5 7.5
4026.5 7.5
4027.5 5
4028.5 17.5
4029.5 2.5
4030.5 0
4031.5 0
4032.5 5
4033.5 10
4034.5 0
4035.5 2.5
4036.5 2.5
4037.5 5
4038.5 2.5
4039.5 7.5
4040.5 7.5
4041.5 2.5
4042.5 0
4043.5 0
4044.5 2.5
4045.5 0
4046.5 7.5
4047.5 10
4048.5 7.5
4049.5 2.5
4050.5 2.5
4051.5 5
4052.5 5
4053.5 5
4054.5 5
4055.5 7.5
4056.5 7.5
4057.5 2.5
4058.5 0
4059.5 0
4060.5 2.5
4061.5 7.5
4062.5 2.5
4063.5 7.5
4064.5 2.5
4065.5 2.5
4066.5 0
4067.5 5
4068.5 0
4069.5 5
4070.5 7.5
4071.5 0
4072.5 2.5
4073.5 5
4074.5 5
4075.5 7.5
4076.5 5
4077.5 7.5
4078.5 2.5
4079.5 7.5
4080.5 5
4081.5 5
4082.5 10
4083.5 0
4084.5 5
4085.5 7.5
4086.5 5
4087.5 0
4088.5 10
4089.5 7.5
4090.5 5
4091.5 2.5
4092.5 2.5
4093.5 7.5
4094.5 2.5
4095.5 0
4096.5 5
4097.5 2.5
4098.5 7.5
4099.5 2.5
4100.5 17.5
4101.5 2.5
4102.5 7.5
4103.5 5
4104.5 12.5
4105.5 7.5
4106.5 5
4107.5 5
4108.5 0
4109.5 0
4110.5 7.5
4111.5 0
4112.5 7.5
4113.5 2.5
4114.5 0
4115.5 10
4116.5 10
4117.5 7.5
4118.5 2.5
4119.5 0
4120.5 12.5
4121.5 2.5
4122.5 12.5
4123.5 2.5
4124.5 0
4125.5 10
4126.5 7.5
4127.5 2.5
4128.5 12.5
4129.5 2.5
4130.5 12.5
4131.5 5
4132.5 0
4133.5 0
4134.5 0
4135.5 2.5
4136.5 0
4137.5 7.5
4138.5 2.5
4139.5 5
4140.5 2.5
4141.5 2.5
4142.5 2.5
4143.5 5
4144.5 2.5
4145.5 2.5
4146.5 2.5
4147.5 0
4148.5 5
4149.5 5
4150.5 5
4151.5 7.5
4152.5 5
4153.5 2.5
4154.5 5
4155.5 0
4156.5 2.5
4157.5 2.5
4158.5 5
4159.5 0
4160.5 0
4161.5 5
4162.5 2.5
4163.5 0
4164.5 0
4165.5 5
4166.5 10
4167.5 5
4168.5 2.5
4169.5 0
4170.5 5
4171.5 5
4172.5 2.5
4173.5 2.5
4174.5 10
4175.5 2.5
4176.5 5
4177.5 5
4178.5 2.5
4179.5 2.5
4180.5 2.5
4181.5 5
4182.5 5
4183.5 0
4184.5 2.5
4185.5 7.5
4186.5 2.5
4187.5 0
4188.5 7.5
4189.5 0
4190.5 7.5
4191.5 2.5
4192.5 2.5
4193.5 0
4194.5 10
4195.5 2.5
4196.5 10
4197.5 5
4198.5 5
4199.5 0
4200.5 5
4201.5 5
4202.5 2.5
4203.5 0
4204.5 7.5
4205.5 2.5
4206.5 2.5
4207.5 7.5
4208.5 2.5
4209.5 0
4210.5 2.5
4211.5 5
4212.5 0
4213.5 2.5
4214.5 2.5
4215.5 2.5
4216.5 0
4217.5 2.5
4218.5 7.5
4219.5 12.5
4220.5 5
4221.5 5
4222.5 2.5
4223.5 5
4224.5 2.5
4225.5 2.5
4226.5 2.5
4227.5 5
4228.5 7.5
4229.5 0
4230.5 0
4231.5 0
4232.5 2.5
4233.5 2.5
4234.5 5
4235.5 5
4236.5 0
4237.5 7.5
4238.5 7.5
4239.5 5
4240.5 2.5
4241.5 2.5
4242.5 7.5
4243.5 7.5
4244.5 10
4245.5 0
4246.5 5
4247.5 5
4248.5 5
4249.5 2.5
4250.5 2.5
4251.5 2.5
4252.5 2.5
4253.5 5
4254.5 5
4255.5 5
4256.5 7.5
4257.5 0
4258.5 2.5
4259.5 7.5
4260.5 2.5
4261.5 0
4262.5 5
4263.5 0
4264.5 10
4265.5 2.5
4266.5 2.5
4267.5 2.5
4268.5 2.5
4269.5 2.5
4270.5 5
4271.5 2.5
4272.5 5
4273.5 5
4274.5 5
4275.5 7.5
4276.5 5
4277.5 2.5
4278.5 2.5
4279.5 12.5
4280.5 2.5
4281.5 5
4282.5 2.5
4283.5 0
4284.5 2.5
4285.5 2.5
4286.5 0
4287.5 2.5
4288.5 2.5
4289.5 0
4290.5 0
4291.5 5
4292.5 0
4293.5 2.5
4294.5 2.5
4295.5 2.5
4296.5 5
4297.5 2.5
4298.5 5
4299.5 0
4300.5 5
4301.5 7.5
4302.5 0
4303.5 7.5
4304.5 10
4305.5 5
4306.5 5
4307.5 5
4308.5 0
4309.5 5
4310.5 7.5
4311.5 2.5
4312.5 10
4313.5 0
4314.5 5
4315.5 5
4316.5 2.5
4317.5 7.5
4318.5 7.5
4319.5 5
4320.5 2.5
4321.5 0
4322.5 2.5
4323.5 5
4324.5 2.5
4325.5 2.5
4326.5 2.5
4327.5 2.5
4328.5 7.5
4329.5 5
4330.5 2.5
4331.5 5
4332.5 5
4333.5 10
4334.5 2.5
4335.5 2.5
4336.5 0
4337.5 0
4338.5 7.5
4339.5 5
4340.5 5
4341.5 7.5
4342.5 7.5
4343.5 0
4344.5 2.5
4345.5 2.5
4346.5 0
4347.5 0
4348.5 2.5
4349.5 2.5
4350.5 2.5
4351.5 0
4352.5 2.5
4353.5 0
4354.5 2.5
4355.5 2.5
4356.5 7.5
4357.5 5
4358.5 5
4359.5 5
4360.5 5
4361.5 2.5
4362.5 2.5
4363.5 0
4364.5 2.5
4365.5 5
4366.5 7.5
4367.5 5
4368.5 5
4369.5 7.5
4370.5 10
4371.5 5
4372.5 5
4373.5 0
4374.5 2.5
4375.5 0
4376.5 2.5
4377.5 5
4378.5 7.5
4379.5 2.5
4380.5 2.5
4381.5 5
4382.5 7.5
4383.5 5
4384.5 2.5
4385.5 5
4386.5 12.5
4387.5 5
4388.5 15
4389.5 7.5
4390.5 5
4391.5 2.5
4392.5 2.5
4393.5 5
4394.5 10
4395.5 7.5
4396.5 7.5
4397.5 0
4398.5 2.5
4399.5 0
4400.5 0
4401.5 2.5
4402.5 0
4403.5 0
4404.5 5
4405.5 5
4406.5 7.5
4407.5 5
4408.5 5
4409.5 7.5
4410.5 2.5
4411.5 5
4412.5 2.5
4413.5 5
4414.5 2.5
4415.5 2.5
4416.5 2.5
4417.5 5
4418.5 0
4419.5 0
4420.5 5
4421.5 5
4422.5 0
4423.5 5
4424.5 2.5
4425.5 7.5
4426.5 0
4427.5 0
4428.5 7.5
4429.5 2.5
4430.5 0
4431.5 7.5
4432.5 2.5
4433.5 2.5
4434.5 2.5
4435.5 7.5
4436.5 0
4437.5 15
4438.5 5
4439.5 0
4440.5 7.5
4441.5 2.5
4442.5 7.5
4443.5 5
4444.5 0
4445.5 5
4446.5 7.5
4447.5 7.5
4448.5 7.5
4449.5 7.5
4450.5 2.5
4451.5 5
4452.5 5
4453.5 5
4454.5 5
4455.5 0
4456.5 2.5
4457.5 5
4458.5 0
4459.5 7.5
4460.5 7.5
4461.5 5
4462.5 5
4463.5 2.5
4464.5 7.5
4465.5 2.5
4466.5 15
4467.5 5
4468.5 0
4469.5 0
4470.5 7.5
4471.5 0
4472.5 5
4473.5 5
4474.5 5
4475.5 2.5
4476.5 2.5
4477.5 5
4478.5 2.5
4479.5 5
4480.5 2.5
4481.5 5
4482.5 7.5
4483.5 0
4484.5 2.5
4485.5 0
4486.5 10
4487.5 10
4488.5 2.5
4489.5 2.5
4490.5 7.5
4491.5 5
4492.5 2.5
4493.5 7.5
4494.5 2.5
4495.5 0
4496.5 2.5
4497.5 0
4498.5 5
4499.5 2.5
4500.5 7.5
4501.5 0
4502.5 2.5
4503.5 0
4504.5 5
4505.5 2.5
4506.5 5
4507.5 2.5
4508.5 5
4509.5 2.5
4510.5 12.5
4511.5 2.5
4512.5 2.5
4513.5 5
4514.5 0
4515.5 0
4516.5 5
4517.5 2.5
4518.5 2.5
4519.5 0
4520.5 5
4521.5 7.5
4522.5 7.5
4523.5 0
4524.5 10
4525.5 10
4526.5 5
4527.5 5
4528.5 0
4529.5 2.5
4530.5 7.5
4531.5 7.5
4532.5 7.5
4533.5 2.5
4534.5 5
4535.5 2.5
4536.5 7.5
4537.5 0
4538.5 2.5
4539.5 5
4540.5 5
4541.5 2.5
4542.5 2.5
4543.5 2.5
4544.5 2.5
4545.5 5
4546.5 2.5
4547.5 5
4548.5 10
4549.5 2.5
4550.5 12.5
4551.5 7.5
4552.5 2.5
4553.5 0
4554.5 5
4555.5 2.5
4556.5 2.5
4557.5 2.5
4558.5 0
4559.5 2.5
4560.5 7.5
4561.5 2.5
4562.5 10
4563.5 2.5
4564.5 2.5
4565.5 0
4566.5 5
4567.5 2.5
4568.5 2.5
4569.5 0
4570.5 5
4571.5 2.5
4572.5 5
4573.5 2.5
4574.5 5
4575.5 10
4576.5 2.5
4577.5 10
4578.5 12.5
4579.5 2.5
4580.5 0
4581.5 2.5
4582.5 7.5
4583.5 2.5
4584.5 0
4585.5 2.5
4586.5 2.5
4587.5 0
4588.5 5
4589.5 10
4590.5 2.5
4591.5 2.5
4592.5 0
4593.5 2.5
4594.5 2.5
4595.5 0
4596.5 0
4597.5 2.5
4598.5 2.5
4599.5 7.5
4600.5 0
4601.5 12.5
4602.5 2.5
4603.5 2.5
4604.5 2.5
4605.5 5
4606.5 5
4607.5 0
4608.5 7.5
4609.5 2.5
4610.5 0
4611.5 2.5
4612.5 5
4613.5 5
4614.5 0
4615.5 2.5
4616.5 2.5
4617.5 2.5
4618.5 2.5
4619.5 7.5
4620.5 12.5
4621.5 0
4622.5 2.5
4623.5 2.5
4624.5 2.5
4625.5 7.5
4626.5 0
4627.5 7.5
4628.5 2.5
4629.5 2.5
4630.5 2.5
4631.5 2.5
4632.5 5
4633.5 10
4634.5 0
4635.5 2.5
4636.5 10
4637.5 5
4638.5 0
4639.5 0
4640.5 0
4641.5 2.5
4642.5 2.5
4643.5 2.5
4644.5 0
4645.5 0
4646.5 0
4647.5 5
4648.5 2.5
4649.5 5
4650.5 2.5
4651.5 10
4652.5 7.5
4653.5 0
4654.5 2.5
4655.5 2.5
4656.5 5
4657.5 2.5
4658.5 2.5
4659.5 7.5
4660.5 7.5
4661.5 0
4662.5 10
4663.5 0
4664.5 2.5
4665.5 0
4666.5 2.5
4667.5 7.5
4668.5 2.5
4669.5 5
4670.5 2.5
4671.5 5
4672.5 2.5
4673.5 0
4674.5 2.5
4675.5 5
4676.5 2.5
4677.5 7.5
4678.5 5
4679.5 0
4680.5 5
4681.5 5
4682.5 5
4683.5 5
4684.5 0
4685.5 2.5
4686.5 2.5
4687.5 0
4688.5 2.5
4689.5 0
4690.5 0
4691.5 2.5
4692.5 0
4693.5 5
4694.5 7.5
4695.5 0
4696.5 0
4697.5 5
4698.5 5
4699.5 5
4700.5 5
4701.5 5
4702.5 2.5
4703.5 0
4704.5 2.5
4705.5 0
4706.5 0
4707.5 2.5
4708.5 0
4709.5 2.5
4710.5 0
4711.5 2.5
4712.5 7.5
4713.5 7.5
4714.5 2.5
4715.5 7.5
4716.5 2.5
4717.5 5
4718.5 2.5
4719.5 0
4720.5 5
4721.5 0
4722.5 0
4723.5 2.5
4724.5 2.5
4725.5 7.5
4726.5 7.5
4727.5 2.5
4728.5 5
4729.5 5
4730.5 2.5
4731.5 5
4732.5 2.5
4733.5 0
4734.5 10
4735.5 0
4736.5 5
4737.5 2.5
4738.5 0
4739.5 10
4740.5 2.5
4741.5 2.5
4742.5 0
4743.5 0
4744.5 2.5
4745.5 0
4746.5 2.5
4747.5 2.5
4748.5 0
4749.5 2.5
4750.5 2.5
4751.5 12.5
4752.5 0
4753.5 5
4754.5 2.5
4755.5 2.5
4756.5 0
4757.5 2.5
4758.5 5
4759.5 2.5
4760.5 2.5
4761.5 2.5
4762.5 7.5
4763.5 5
4764.5 5
4765.5 0
4766.5 5
4767.5 5
4768.5 5
4769.5 5
4770.5 0
4771.5 0
4772.5 0
4773.5 2.5
4774.5 2.5
4775.5 2.5
4776.5 0
4777.5 5
4778.5 5
4779.5 2.5
4780.5 0
4781.5 0
4782.5 0
4783.5 7.5
4784.5 5
4785.5 2.5
4786.5 5
4787.5 2.5
4788.5 2.5
4789.5 5
4790.5 2.5
4791.5 0
4792.5 0
4793.5 5
4794.5 10
4795.5 0
4796.5 0
4797.5 10
4798.5 7.5
4799.5 7.5
4800.5 2.5
4801.5 0
4802.5 0
4803.5 0
4804.5 0
4805.5 0
4806.5 0
4807.5 10
4808.5 0
4809.5 2.5
4810.5 0
4811.5 2.5
4812.5 0
4813.5 2.5
4814.5 0
4815.5 5
4816.5 5
4817.5 0
4818.5 2.5
4819.5 2.5
4820.5 0
4821.5 5
4822.5 2.5
4823.5 2.5
4824.5 2.5
4825.5 5
4826.5 7.5
4827.5 2.5
4828.5 5
4829.5 2.5
4830.5 0
4831.5 5
4832.5 12.5
4833.5 2.5
4834.5 0
4835.5 7.5
4836.5 0
4837.5 5
4838.5 2.5
4839.5 5
4840.5 0
4841.5 2.5
4842.5 2.5
4843.5 2.5
4844.5 5
4845.5 0
4846.5 7.5
4847.5 2.5
4848.5 7.5
4849.5 2.5
4850.5 2.5
4851.5 0
4852.5 0
4853.5 7.5
4854.5 5
4855.5 5
4856.5 5
4857.5 0
4858.5 5
4859.5 2.5
4860.5 5
4861.5 2.5
4862.5 5
4863.5 0
4864.5 5
4865.5 2.5
4866.5 7.5
4867.5 2.5
4868.5 2.5
4869.5 2.5
4870.5 2.5
4871.5 2.5
4872.5 7.5
4873.5 5
4874.5 2.5
4875.5 5
4876.5 2.5
4877.5 0
4878.5 10
4879.5 0
4880.5 2.5
4881.5 5
4882.5 0
4883.5 0
4884.5 5
4885.5 2.5
4886.5 5
4887.5 7.5
4888.5 2.5
4889.5 5
4890.5 2.5
4891.5 2.5
4892.5 2.5
4893.5 0
4894.5 0
4895.5 7.5
4896.5 7.5
4897.5 0
4898.5 5
4899.5 2.5
4900.5 0
4901.5 2.5
4902.5 2.5
4903.5 5
4904.5 2.5
4905.5 2.5
4906.5 2.5
4907.5 0
4908.5 2.5
4909.5 0
4910.5 7.5
4911.5 2.5
4912.5 0
4913.5 5
4914.5 2.5
4915.5 0
4916.5 5
4917.5 2.5
4918.5 10
4919.5 2.5
4920.5 2.5
4921.5 0
4922.5 2.5
4923.5 5
4924.5 5
4925.5 0
4926.5 5
4927.5 2.5
4928.5 2.5
4929.5 2.5
4930.5 0
4931.5 0
4932.5 5
4933.5 2.5
4934.5 0
4935.5 0
4936.5 7.5
4937.5 2.5
4938.5 0
4939.5 2.5
4940.5 5
4941.5 5
4942.5 2.5
4943.5 7.5
4944.5 2.5
4945.5 2.5
4946.5 5
4947.5 2.5
4948.5 7.5
4949.5 0
4950.5 0
4951.5 0
4952.5 0
4953.5 2.5
4954.5 5
4955.5 7.5
4956.5 7.5
4957.5 5
4958.5 0
4959.5 0
4960.5 0
4961.5 5
4962.5 5
4963.5 12.5
4964.5 5
4965.5 2.5
4966.5 2.5
4967.5 5
4968.5 0
4969.5 0
4970.5 7.5
4971.5 5
4972.5 0
4973.5 2.5
4974.5 2.5
4975.5 2.5
4976.5 0
4977.5 7.5
4978.5 2.5
4979.5 0
4980.5 7.5
4981.5 10
4982.5 5
4983.5 2.5
4984.5 10
4985.5 2.5
4986.5 0
4987.5 2.5
4988.5 7.5
4989.5 5
4990.5 0
4991.5 0
4992.5 0
4993.5 2.5
4994.5 5
4995.5 5
4996.5 2.5
4997.5 2.5
4998.5 5
4999.5 2.5
5000.5 10
5001.5 5
5002.5 7.5
5003.5 0
5004.5 2.5
5005.5 2.5
5006.5 2.5
5007.5 2.5
5008.5 0
5009.5 0
5010.5 2.5
5011.5 2.5
5012.5 2.5
5013.5 2.5
5014.5 0
5015.5 0
5016.5 2.5
5017.5 2.5
5018.5 7.5
5019.5 0
5020.5 0
5021.5 7.5
5022.5 2.5
5023.5 0
5024.5 7.5
5025.5 5
5026.5 7.5
5027.5 2.5
5028.5 2.5
5029.5 0
5030.5 0
5031.5 2.5
5032.5 2.5
5033.5 5
5034.5 5
5035.5 0
5036.5 5
5037.5 2.5
5038.5 0
5039.5 7.5
5040.5 5
5041.5 0
5042.5 2.5
5043.5 0
5044.5 2.5
5045.5 5
5046.5 0
5047.5 2.5
5048.5 0
5049.5 0
5050.5 2.5
5051.5 2.5
5052.5 2.5
5053.5 2.5
5054.5 2.5
5055.5 2.5
5056.5 2.5
5057.5 0
5058.5 0
5059.5 0
5060.5 0
5061.5 7.5
5062.5 5
5063.5 0
5064.5 7.5
5065.5 0
5066.5 2.5
5067.5 0
5068.5 5
5069.5 7.5
5070.5 5
5071.5 0
5072.5 0
5073.5 0
5074.5 0
5075.5 2.5
5076.5 2.5
5077.5 2.5
5078.5 2.5
5079.5 0
5080.5 7.5
5081.5 2.5
5082.5 2.5
5083.5 0
5084.5 0
5085.5 0
5086.5 5
5087.5 2.5
5088.5 2.5
5089.5 2.5
5090.5 0
5091.5 5
5092.5 2.5
5093.5 2.5
5094.5 5
5095.5 5
5096.5 0
5097.5 0
5098.5 0
5099.5 0
5100.5 2.5
5101.5 2.5
5102.5 2.5
5103.5 0
5104.5 2.5
5105.5 5
5106.5 2.5
5107.5 7.5
5108.5 0
5109.5 2.5
5110.5 5
5111.5 10
5112.5 2.5
5113.5 2.5
5114.5 7.5
5115.5 2.5
5116.5 0
5117.5 7.5
5118.5 2.5
5119.5 2.5
5120.5 0
5121.5 5
5122.5 7.5
5123.5 2.5
5124.5 2.5
5125.5 0
5126.5 7.5
5127.5 2.5
5128.5 5
5129.5 2.5
5130.5 0
5131.5 7.5
5132.5 0
5133.5 2.5
5134.5 0
5135.5 2.5
5136.5 7.5
5137.5 5
5138.5 0
5139.5 0
5140.5 0
5141.5 0
5142.5 7.5
5143.5 2.5
5144.5 12.5
5145.5 0
5146.5 0
5147.5 2.5
5148.5 0
5149.5 2.5
5150.5 5
5151.5 2.5
5152.5 5
5153.5 5
5154.5 5
5155.5 0
5156.5 10
5157.5 5
5158.5 0
5159.5 5
5160.5 0
5161.5 2.5
5162.5 5
5163.5 2.5
5164.5 2.5
5165.5 2.5
5166.5 0
5167.5 5
5168.5 5
5169.5 2.5
5170.5 0
5171.5 2.5
5172.5 2.5
5173.5 2.5
5174.5 2.5
5175.5 5
5176.5 2.5
5177.5 2.5
5178.5 0
5179.5 5
5180.5 5
5181.5 0
5182.5 7.5
5183.5 2.5
5184.5 2.5
5185.5 7.5
5186.5 0
5187.5 2.5
5188.5 2.5
5189.5 0
5190.5 0
5191.5 0
5192.5 2.5
5193.5 2.5
5194.5 2.5
5195.5 2.5
5196.5 2.5
5197.5 2.5
5198.5 2.5
5199.5 2.5
5200.5 5
5201.5 0
5202.5 5
5203.5 0
5204.5 2.5
5205.5 0
5206.5 0
5207.5 2.5
5208.5 2.5
5209.5 2.5
5210.5 5
5211.5 5
5212.5 0
5213.5 2.5
5214.5 2.5
5215.5 7.5
5216.5 0
5217.5 0
5218.5 0
5219.5 0
5220.5 2.5
5221.5 0
5222.5 5
5223.5 2.5
5224.5 0
5225.5 2.5
5226.5 2.5
5227.5 0
5228.5 7.5
5229.5 5
5230.5 0
5231.5 7.5
5232.5 2.5
5233.5 5
5234.5 2.5
5235.5 5
5236.5 5
5237.5 2.5
5238.5 0
5239.5 2.5
5240.5 5
5241.5 2.5
5242.5 2.5
5243.5 2.5
5244.5 5
5245.5 0
5246.5 0
5247.5 0
5248.5 2.5
5249.5 5
5250.5 0
5251.5 2.5
5252.5 5
5253.5 2.5
5254.5 10
5255.5 0
5256.5 2.5
5257.5 0
5258.5 2.5
5259.5 0
5260.5 0
5261.5 2.5
5262.5 2.5
5263.5 5
5264.5 2.5
5265.5 0
5266.5 2.5
5267.5 0
5268.5 0
5269.5 7.5
5270.5 2.5
5271.5 2.5
5272.5 2.5
5273.5 2.5
5274.5 7.5
5275.5 2.5
5276.5 0
5277.5 2.5
5278.5 0
5279.5 2.5
5280.5 0
5281.5 2.5
5282.5 0
5283.5 10
5284.5 5
5285.5 2.5
5286.5 5
5287.5 2.5
5288.5 0
5289.5 10
5290.5 5
5291.5 2.5
5292.5 2.5
5293.5 0
5294.5 5
5295.5 2.5
5296.5 0
5297.5 2.5
5298.5 0
5299.5 2.5
5300.5 2.5
5301.5 0
5302.5 0
5303.5 2.5
5304.5 5
5305.5 0
5306.5 0
5307.5 2.5
5308.5 7.5
5309.5 10
5310.5 2.5
5311.5 2.5
5312.5 0
5313.5 2.5
5314.5 2.5
5315.5 2.5
5316.5 0
5317.5 0
5318.5 5
5319.5 2.5
5320.5 2.5
5321.5 5
5322.5 0
5323.5 0
5324.5 5
5325.5 0
5326.5 2.5
5327.5 5
5328.5 5
5329.5 0
5330.5 0
5331.5 2.5
5332.5 0
5333.5 7.5
5334.5 5
5335.5 5
5336.5 5
5337.5 5
5338.5 5
5339.5 2.5
5340.5 2.5
5341.5 2.5
5342.5 5
5343.5 5
5344.5 0
5345.5 5
5346.5 0
5347.5 0
5348.5 5
5349.5 0
5350.5 2.5
5351.5 2.5
5352.5 0
5353.5 0
5354.5 5
5355.5 7.5
5356.5 0
5357.5 0
5358.5 10
5359.5 0
5360.5 0
5361.5 2.5
5362.5 5
5363.5 5
5364.5 2.5
5365.5 0
5366.5 0
5367.5 7.5
5368.5 2.5
5369.5 0
5370.5 2.5
5371.5 2.5
5372.5 2.5
5373.5 7.5
5374.5 0
5375.5 5
5376.5 2.5
5377.5 0
5378.5 5
5379.5 2.5
5380.5 7.5
5381.5 10
5382.5 2.5
5383.5 0
5384.5 0
5385.5 2.5
5386.5 2.5
5387.5 0
5388.5 5
5389.5 2.5
5390.5 2.5
5391.5 0
5392.5 0
5393.5 0
5394.5 2.5
5395.5 5
5396.5 0
5397.5 7.5
5398.5 0
5399.5 0
5400.5 0
5401.5 0
5402.5 0
5403.5 0
5404.5 2.5
5405.5 5
5406.5 2.5
5407.5 5
5408.5 7.5
5409.5 2.5
5410.5 0
5411.5 0
5412.5 5
5413.5 12.5
5414.5 0
5415.5 5
5416.5 0
5417.5 5
5418.5 0
5419.5 2.5
5420.5 0
5421.5 5
5422.5 2.5
5423.5 0
5424.5 0
5425.5 0
5426.5 2.5
5427.5 5
5428.5 5
5429.5 0
5430.5 7.5
5431.5 2.5
5432.5 0
5433.5 0
5434.5 2.5
5435.5 2.5
5436.5 0
5437.5 0
5438.5 0
5439.5 2.5
5440.5 5
5441.5 0
5442.5 5
5443.5 0
5444.5 2.5
5445.5 5
5446.5 5
5447.5 7.5
5448.5 2.5
5449.5 2.5
5450.5 2.5
5451.5 0
5452.5 2.5
5453.5 0
5454.5 2.5
5455.5 0
5456.5 2.5
5457.5 2.5
5458.5 0
5459.5 5
5460.5 2.5
5461.5 0
5462.5 0
5463.5 5
5464.5 0
5465.5 2.5
5466.5 7.5
5467.5 0
5468.5 7.5
5469.5 2.5
5470.5 0
5471.5 5
5472.5 7.5
5473.5 7.5
5474.5 0
5475.5 2.5
5476.5 2.5
5477.5 0
5478.5 0
5479.5 5
5480.5 2.5
5481.5 0
5482.5 5
5483.5 5
5484.5 2.5
5485.5 5
5486.5 2.5
5487.5 2.5
5488.5 5
5489.5 2.5
5490.5 2.5
5491.5 2.5
5492.5 2.5
5493.5 2.5
5494.5 5
5495.5 7.5
5496.5 0
5497.5 2.5
5498.5 0
5499.5 2.5
5500.5 5
5501.5 5
5502.5 2.5
5503.5 5
5504.5 10
5505.5 0
5506.5 2.5
5507.5 0
5508.5 0
5509.5 2.5
5510.5 0
5511.5 0
5512.5 0
5513.5 0
5514.5 2.5
5515.5 0
5516.5 2.5
5517.5 0
5518.5 5
5519.5 5
5520.5 5
5521.5 2.5
5522.5 5
5523.5 0
5524.5 5
5525.5 2.5
5526.5 0
5527.5 0
5528.5 2.5
5529.5 5
5530.5 0
5531.5 0
5532.5 5
5533.5 0
5534.5 2.5
5535.5 0
5536.5 0
5537.5 2.5
5538.5 2.5
5539.5 0
5540.5 2.5
5541.5 2.5
5542.5 5
5543.5 0
5544.5 0
5545.5 2.5
5546.5 0
5547.5 0
5548.5 0
5549.5 7.5
5550.5 0
5551.5 2.5
5552.5 5
5553.5 7.5
5554.5 0
5555.5 5
5556.5 5
5557.5 2.5
5558.5 7.5
5559.5 0
5560.5 7.5
5561.5 5
5562.5 5
5563.5 2.5
5564.5 0
5565.5 7.5
5566.5 0
5567.5 5
5568.5 0
5569.5 2.5
5570.5 2.5
5571.5 2.5
5572.5 5
5573.5 0
5574.5 2.5
5575.5 2.5
5576.5 0
5577.5 0
5578.5 5
5579.5 0
5580.5 2.5
5581.5 0
5582.5 2.5
5583.5 0
5584.5 0
5585.5 7.5
5586.5 0
5587.5 7.5
5588.5 0
5589.5 0
5590.5 2.5
5591.5 0
5592.5 0
5593.5 2.5
5594.5 2.5
5595.5 0
5596.5 2.5
5597.5 2.5
5598.5 2.5
5599.5 7.5
5600.5 2.5
5601.5 2.5
5602.5 5
5603.5 2.5
5604.5 5
5605.5 2.5
5606.5 2.5
5607.5 2.5
5608.5 2.5
5609.5 2.5
5610.5 0
5611.5 2.5
5612.5 5
5613.5 2.5
5614.5 0
5615.5 5
5616.5 0
5617.5 0
5618.5 2.5
5619.5 0
5620.5 5
5621.5 5
5622.5 2.5
5623.5 0
5624.5 5
5625.5 5
5626.5 0
5627.5 5
5628.5 0
5629.5 5
5630.5 0
5631.5 7.5
5632.5 10
5633.5 0
5634.5 0
5635.5 2.5
5636.5 0
5637.5 2.5
5638.5 0
5639.5 0
5640.5 2.5
5641.5 5
5642.5 5
5643.5 0
5644.5 0
5645.5 5
5646.5 5
5647.5 2.5
5648.5 0
5649.5 5
5650.5 2.5
5651.5 0
5652.5 0
5653.5 2.5
5654.5 7.5
5655.5 2.5
5656.5 2.5
5657.5 2.5
5658.5 7.5
5659.5 2.5
5660.5 2.5
5661.5 0
5662.5 2.5
5663.5 5
5664.5 0
5665.5 2.5
5666.5 0
5667.5 2.5
5668.5 2.5
5669.5 0
5670.5 2.5
5671.5 0
5672.5 0
5673.5 0
5674.5 7.5
5675.5 10
5676.5 2.5
5677.5 0
5678.5 2.5
5679.5 2.5
5680.5 0
5681.5 0
5682.5 0
5683.5 0
5684.5 0
5685.5 2.5
5686.5 0
5687.5 10
5688.5 2.5
5689.5 0
5690.5 2.5
5691.5 2.5
5692.5 0
5693.5 0
5694.5 0
5695.5 0
5696.5 5
5697.5 10
5698.5 0
5699.5 2.5
5700.5 2.5
5701.5 5
5702.5 0
5703.5 0
5704.5 0
5705.5 2.5
5706.5 2.5
5707.5 7.5
5708.5 0
5709.5 2.5
5710.5 5
5711.5 5
5712.5 0
5713.5 2.5
5714.5 5
5715.5 0
5716.5 0
5717.5 0
5718.5 0
5719.5 5
5720.5 0
5721.5 2.5
5722.5 2.5
5723.5 0
5724.5 0
5725.5 2.5
5726.5 5
5727.5 10
5728.5 7.5
5729.5 2.5
5730.5 2.5
5731.5 5
5732.5 2.5
5733.5 2.5
5734.5 7.5
5735.5 5
5736.5 0
5737.5 0
5738.5 0
5739.5 2.5
5740.5 2.5
5741.5 5
5742.5 2.5
5743.5 5
5744.5 5
5745.5 0
5746.5 5
5747.5 0
5748.5 0
5749.5 0
5750.5 0
5751.5 7.5
5752.5 0
5753.5 2.5
5754.5 2.5
5755.5 0
5756.5 0
5757.5 5
5758.5 0
5759.5 0
5760.5 0
5761.5 0
5762.5 0
5763.5 2.5
5764.5 2.5
5765.5 0
5766.5 2.5
5767.5 0
5768.5 2.5
5769.5 5
5770.5 0
5771.5 2.5
5772.5 0
5773.5 2.5
5774.5 2.5
5775.5 5
5776.5 2.5
5777.5 7.5
5778.5 5
5779.5 0
5780.5 2.5
5781.5 0
5782.5 2.5
5783.5 2.5
5784.5 0
5785.5 2.5
5786.5 7.5
5787.5 2.5
5788.5 2.5
5789.5 2.5
5790.5 2.5
5791.5 0
5792.5 2.5
5793.5 2.5
5794.5 2.5
5795.5 0
5796.5 5
5797.5 2.5
5798.5 5
5799.5 0
5800.5 5
5801.5 2.5
5802.5 0
5803.5 2.5
5804.5 0
5805.5 0
5806.5 7.5
5807.5 2.5
5808.5 0
5809.5 0
5810.5 0
5811.5 2.5
5812.5 2.5
5813.5 5
5814.5 5
5815.5 0
5816.5 0
5817.5 0
5818.5 7.5
5819.5 0
5820.5 2.5
5821.5 2.5
5822.5 2.5
5823.5 2.5
5824.5 0
5825.5 0
5826.5 0
5827.5 2.5
5828.5 5
5829.5 0
5830.5 0
5831.5 7.5
5832.5 0
5833.5 2.5
5834.5 2.5
5835.5 2.5
5836.5 2.5
5837.5 2.5
5838.5 2.5
5839.5 5
5840.5 2.5
5841.5 0
5842.5 2.5
5843.5 0
5844.5 7.5
5845.5 2.5
5846.5 7.5
5847.5 5
5848.5 0
5849.5 7.5
5850.5 7.5
5851.5 2.5
5852.5 0
5853.5 0
5854.5 2.5
5855.5 2.5
5856.5 0
5857.5 0
5858.5 10
5859.5 0
5860.5 0
5861.5 0
5862.5 0
5863.5 0
5864.5 0
5865.5 5
5866.5 0
5867.5 0
5868.5 2.5
5869.5 2.5
5870.5 0
5871.5 10
5872.5 0
5873.5 5
5874.5 5
5875.5 2.5
5876.5 0
5877.5 0
5878.5 2.5
5879.5 5
5880.5 0
5881.5 2.5
5882.5 2.5
5883.5 0
5884.5 0
5885.5 5
5886.5 2.5
5887.5 2.5
5888.5 0
5889.5 0
5890.5 2.5
5891.5 2.5
5892.5 0
5893.5 7.5
5894.5 0
5895.5 2.5
5896.5 7.5
5897.5 5
5898.5 0
5899.5 5
5900.5 0
5901.5 0
5902.5 5
5903.5 0
5904.5 5
5905.5 7.5
5906.5 0
5907.5 5
5908.5 2.5
5909.5 0
5910.5 0
5911.5 0
5912.5 2.5
5913.5 0
5914.5 2.5
5915.5 0
5916.5 5
5917.5 0
5918.5 5
5919.5 2.5
5920.5 0
5921.5 0
5922.5 0
5923.5 0
5924.5 0
5925.5 0
5926.5 2.5
5927.5 0
5928.5 2.5
5929.5 0
5930.5 0
5931.5 5
5932.5 0
5933.5 5
5934.5 0
5935.5 2.5
5936.5 0
5937.5 2.5
5938.5 5
5939.5 0
5940.5 2.5
5941.5 2.5
5942.5 0
5943.5 0
5944.5 0
5945.5 0
5946.5 5
5947.5 2.5
5948.5 0
5949.5 17.5
5950.5 2.5
5951.5 0
5952.5 2.5
5953.5 2.5
5954.5 2.5
5955.5 2.5
5956.5 7.5
5957.5 0
5958.5 7.5
5959.5 0
5960.5 0
5961.5 2.5
5962.5 2.5
5963.5 0
5964.5 0
5965.5 0
5966.5 5
5967.5 2.5
5968.5 2.5
5969.5 5
5970.5 0
5971.5 0
5972.5 0
5973.5 2.5
5974.5 2.5
5975.5 5
5976.5 2.5
5977.5 5
5978.5 2.5
5979.5 0
5980.5 0
5981.5 2.5
5982.5 0
5983.5 0
5984.5 5
5985.5 2.5
5986.5 2.5
5987.5 0
5988.5 0
5989.5 2.5
5990.5 7.5
5991.5 2.5
5992.5 0
5993.5 0
5994.5 0
5995.5 0
5996.5 0
5997.5 0
5998.5 2.5
5999.5 0
6000.5 2.5
6001.5 5
6002.5 0
6003.5 5
6004.5 0
6005.5 5
6006.5 2.5
6007.5 0
6008.5 2.5
6009.5 0
6010.5 5
6011.5 5
6012.5 7.5
6013.5 0
6014.5 5
6015.5 2.5
6016.5 0
6017.5 0
6018.5 2.5
6019.5 2.5
6020.5 0
6021.5 0
6022.5 2.5
6023.5 0
6024.5 2.5
6025.5 2.5
6026.5 2.5
6027.5 2.5
6028.5 2.5
6029.5 0
6030.5 2.5
6031.5 2.5
6032.5 5
6033.5 2.5
6034.5 2.5
6035.5 0
6036.5 0
6037.5 2.5
6038.5 2.5
6039.5 2.5
6040.5 0
6041.5 2.5
6042.5 5
6043.5 2.5
6044.5 2.5
6045.5 2.5
6046.5 0
6047.5 0
6048.5 2.5
6049.5 0
6050.5 7.5
6051.5 7.5
6052.5 0
6053.5 2.5
6054.5 2.5
6055.5 0
6056.5 2.5
6057.5 0
6058.5 0
6059.5 2.5
6060.5 2.5
6061.5 0
6062.5 2.5
6063.5 0
6064.5 0
6065.5 2.5
6066.5 5
6067.5 5
6068.5 10
6069.5 5
6070.5 5
6071.5 0
6072.5 2.5
6073.5 5
6074.5 5
6075.5 5
6076.5 2.5
6077.5 0
6078.5 5
6079.5 0
6080.5 7.5
6081.5 7.5
6082.5 2.5
6083.5 0
6084.5 2.5
6085.5 7.5
6086.5 0
6087.5 2.5
6088.5 2.5
6089.5 0
6090.5 0
6091.5 5
6092.5 0
6093.5 2.5
6094.5 0
6095.5 0
6096.5 2.5
6097.5 2.5
6098.5 0
6099.5 5
6100.5 0
6101.5 0
6102.5 2.5
6103.5 2.5
6104.5 0
6105.5 7.5
6106.5 5
6107.5 0
6108.5 0
6109.5 2.5
6110.5 2.5
6111.5 5
6112.5 0
6113.5 2.5
6114.5 0
6115.5 0
6116.5 0
6117.5 0
6118.5 5
6119.5 0
6120.5 5
6121.5 0
6122.5 7.5
6123.5 5
6124.5 0
6125.5 2.5
6126.5 2.5
6127.5 0
6128.5 0
6129.5 0
6130.5 2.5
6131.5 2.5
6132.5 0
6133.5 0
6134.5 2.5
6135.5 0
6136.5 0
6137.5 0
6138.5 0
6139.5 0
6140.5 5
6141.5 0
6142.5 2.5
6143.5 0
6144.5 5
6145.5 0
6146.5 5
6147.5 2.5
6148.5 2.5
6149.5 0
6150.5 5
6151.5 5
6152.5 7.5
6153.5 2.5
6154.5 0
6155.5 5
6156.5 2.5
6157.5 5
6158.5 7.5
6159.5 0
6160.5 2.5
6161.5 0
6162.5 2.5
6163.5 0
6164.5 2.5
6165.5 0
6166.5 5
6167.5 7.5
6168.5 2.5
6169.5 2.5
6170.5 0
6171.5 0
6172.5 5
6173.5 2.5
6174.5 0
6175.5 2.5
6176.5 5
6177.5 2.5
6178.5 5
6179.5 2.5
6180.5 2.5
6181.5 0
6182.5 15
6183.5 0
6184.5 2.5
6185.5 2.5
6186.5 7.5
6187.5 2.5
6188.5 2.5
6189.5 2.5
6190.5 2.5
6191.5 2.5
6192.5 2.5
6193.5 7.5
6194.5 7.5
6195.5 0
6196.5 2.5
6197.5 2.5
6198.5 0
6199.5 2.5
6200.5 0
6201.5 0
6202.5 5
6203.5 0
6204.5 2.5
6205.5 5
6206.5 0
6207.5 0
6208.5 7.5
6209.5 7.5
6210.5 0
6211.5 5
6212.5 0
6213.5 5
6214.5 5
6215.5 2.5
6216.5 0
6217.5 7.5
6218.5 2.5
6219.5 2.5
6220.5 0
6221.5 5
6222.5 5
6223.5 2.5
6224.5 0
6225.5 2.5
6226.5 0
6227.5 0
6228.5 7.5
6229.5 2.5
6230.5 5
6231.5 0
6232.5 2.5
6233.5 0
6234.5 0
6235.5 5
6236.5 5
6237.5 2.5
6238.5 2.5
6239.5 2.5
6240.5 2.5
6241.5 0
6242.5 0
6243.5 5
6244.5 0
6245.5 0
6246.5 0
6247.5 5
6248.5 0
6249.5 2.5
6250.5 0
6251.5 2.5
6252.5 5
6253.5 2.5
6254.5 0
6255.5 2.5
6256.5 2.5
6257.5 2.5
6258.5 2.5
6259.5 2.5
6260.5 0
6261.5 0
6262.5 2.5
6263.5 0
6264.5 0
6265.5 0
6266.5 0
6267.5 5
6268.5 0
6269.5 7.5
6270.5 2.5
6271.5 2.5
6272.5 2.5
6273.5 0
6274.5 2.5
6275.5 2.5
6276.5 5
6277.5 0
6278.5 0
6279.5 0
6280.5 0
6281.5 0
6282.5 0
6283.5 2.5
6284.5 0
6285.5 0
6286.5 0
6287.5 0
6288.5 0
6289.5 0
6290.5 2.5
6291.5 2.5
6292.5 2.5
6293.5 2.5
6294.5 0
6295.5 2.5
6296.5 5
6297.5 2.5
6298.5 2.5
6299.5 0
6300.5 0
6301.5 2.5
6302.5 0
6303.5 0
6304.5 5
6305.5 0
6306.5 0
6307.5 5
6308.5 5
6309.5 0
6310.5 0
6311.5 0
6312.5 2.5
6313.5 2.5
6314.5 2.5
6315.5 2.5
6316.5 5
6317.5 2.5
6318.5 2.5
6319.5 5
6320.5 2.5
6321.5 5
6322.5 0
6323.5 0
6324.5 2.5
6325.5 5
6326.5 0
6327.5 0
6328.5 0
6329.5 2.5
6330.5 2.5
6331.5 0
6332.5 0
6333.5 2.5
6334.5 0
6335.5 0
6336.5 2.5
6337.5 0
6338.5 5
6339.5 0
6340.5 2.5
6341.5 0
6342.5 2.5
6343.5 0
6344.5 0
6345.5 5
6346.5 2.5
6347.5 0
6348.5 0
6349.5 0
6350.5 5
6351.5 2.5
6352.5 5
6353.5 0
6354.5 0
6355.5 0
6356.5 2.5
6357.5 5
6358.5 5
6359.5 2.5
6360.5 0
6361.5 0
6362.5 0
6363.5 5
6364.5 0
6365.5 0
6366.5 0
6367.5 0
6368.5 0
6369.5 0
6370.5 0
6371.5 2.5
6372.5 5
6373.5 0
6374.5 0
6375.5 0
6376.5 2.5
6377.5 5
6378.5 2.5
6379.5 0
6380.5 0
6381.5 0
6382.5 0
6383.5 0
6384.5 2.5
6385.5 0
6386.5 2.5
6387.5 5
6388.5 0
6389.5 2.5
6390.5 2.5
6391.5 2.5
6392.5 2.5
6393.5 2.5
6394.5 5
6395.5 2.5
6396.5 5
6397.5 7.5
6398.5 2.5
6399.5 0
6400.5 2.5
6401.5 0
6402.5 2.5
6403.5 0
6404.5 0
6405.5 2.5
6406.5 0
6407.5 0
6408.5 2.5
6409.5 0
6410.5 5
6411.5 2.5
6412.5 7.5
6413.5 2.5
6414.5 0
6415.5 2.5
6416.5 2.5
6417.5 2.5
6418.5 0
6419.5 2.5
6420.5 2.5
6421.5 0
6422.5 5
6423.5 0
6424.5 0
6425.5 2.5
6426.5 5
6427.5 0
6428.5 0
6429.5 2.5
6430.5 0
6431.5 0
6432.5 2.5
6433.5 7.5
6434.5 0
6435.5 0
6436.5 2.5
6437.5 2.5
6438.5 0
6439.5 0
6440.5 0
6441.5 0
6442.5 0
6443.5 5
6444.5 2.5
6445.5 2.5
6446.5 0
6447.5 0
6448.5 5
6449.5 2.5
6450.5 0
6451.5 5
6452.5 0
6453.5 2.5
6454.5 0
6455.5 5
6456.5 0
6457.5 5
6458.5 2.5
6459.5 7.5
6460.5 0
6461.5 0
6462.5 0
6463.5 2.5
6464.5 2.5
6465.5 0
6466.5 7.5
6467.5 0
6468.5 2.5
6469.5 2.5
6470.5 0
6471.5 0
6472.5 0
6473.5 5
6474.5 0
6475.5 2.5
6476.5 0
6477.5 0
6478.5 0
6479.5 0
6480.5 2.5
6481.5 0
6482.5 0
6483.5 0
6484.5 0
6485.5 0
6486.5 2.5
6487.5 0
6488.5 0
6489.5 0
6490.5 0
6491.5 2.5
6492.5 0
6493.5 5
6494.5 0
6495.5 2.5
6496.5 0
6497.5 0
6498.5 0
6499.5 5
6500.5 0
6501.5 0
6502.5 2.5
6503.5 2.5
6504.5 0
6505.5 0
6506.5 2.5
6507.5 0
6508.5 0
6509.5 2.5
6510.5 5
6511.5 0
6512.5 0
6513.5 0
6514.5 0
6515.5 0
6516.5 5
6517.5 5
6518.5 2.5
6519.5 2.5
6520.5 0
6521.5 0
6522.5 0
6523.5 0
6524.5 2.5
6525.5 2.5
6526.5 0
6527.5 2.5
6528.5 0
6529.5 2.5
6530.5 0
6531.5 0
6532.5 0
6533.5 5
6534.5 0
6535.5 0
6536.5 2.5
6537.5 5
6538.5 0
6539.5 2.5
6540.5 0
6541.5 0
6542.5 2.5
6543.5 2.5
6544.5 0
6545.5 0
6546.5 0
6547.5 2.5
6548.5 0
6549.5 0
6550.5 2.5
6551.5 0
6552.5 7.5
6553.5 5
6554.5 0
6555.5 0
6556.5 0
6557.5 0
6558.5 0
6559.5 2.5
6560.5 0
6561.5 0
6562.5 2.5
6563.5 2.5
6564.5 5
6565.5 7.5
6566.5 0
6567.5 0
6568.5 5
6569.5 2.5
6570.5 2.5
6571.5 5
6572.5 2.5
6573.5 2.5
6574.5 0
6575.5 0
6576.5 5
6577.5 0
6578.5 2.5
6579.5 0
6580.5 0
6581.5 0
6582.5 2.5
6583.5 2.5
6584.5 0
6585.5 2.5
6586.5 5
6587.5 0
6588.5 0
6589.5 0
6590.5 7.5
6591.5 0
6592.5 2.5
6593.5 2.5
6594.5 0
6595.5 0
6596.5 0
6597.5 2.5
6598.5 5
6599.5 0
6600.5 0
6601.5 2.5
6602.5 5
6603.5 2.5
6604.5 0
6605.5 2.5
6606.5 0
6607.5 0
6608.5 0
6609.5 0
6610.5 5
6611.5 2.5
6612.5 0
6613.5 0
6614.5 2.5
6615.5 2.5
6616.5 2.5
6617.5 2.5
6618.5 0
6619.5 0
6620.5 0
6621.5 5
6622.5 0
6623.5 2.5
6624.5 0
6625.5 7.5
6626.5 2.5
6627.5 5
6628.5 0
6629.5 0
6630.5 0
6631.5 2.5
6632.5 0
6633.5 2.5
6634.5 0
6635.5 5
6636.5 0
6637.5 2.5
6638.5 0
6639.5 0
6640.5 0
6641.5 0
6642.5 0
6643.5 0
6644.5 2.5
6645.5 0
6646.5 5
6647.5 2.5
6648.5 0
6649.5 0
6650.5 0
6651.5 2.5
6652.5 2.5
6653.5 0
6654.5 2.5
6655.5 2.5
6656.5 2.5
6657.5 2.5
6658.5 2.5
6659.5 2.5
6660.5 0
6661.5 2.5
6662.5 2.5
6663.5 0
6664.5 0
6665.5 2.5
6666.5 0
6667.5 0
6668.5 0
6669.5 2.5
6670.5 0
6671.5 0
6672.5 5
6673.5 0
6674.5 0
6675.5 0
6676.5 0
6677.5 0
6678.5 0
6679.5 0
6680.5 0
6681.5 0
6682.5 2.5
6683.5 2.5
6684.5 0
6685.5 2.5
6686.5 7.5
6687.5 2.5
6688.5 0
6689.5 0
6690.5 0
6691.5 5
6692.5 0
6693.5 0
6694.5 0
6695.5 5
6696.5 0
6697.5 2.5
6698.5 0
6699.5 2.5
6700.5 2.5
6701.5 0
6702.5 2.5
6703.5 0
6704.5 0
6705.5 0
6706.5 0
6707.5 0
6708.5 2.5
6709.5 2.5
6710.5 0
6711.5 2.5
6712.5 2.5
6713.5 5
6714.5 7.5
6715.5 2.5
6716.5 0
6717.5 0
6718.5 0
6719.5 2.5
6720.5 0
6721.5 0
6722.5 2.5
6723.5 2.5
6724.5 0
6725.5 2.5
6726.5 2.5
6727.5 0
6728.5 0
6729.5 0
6730.5 2.5
6731.5 0
6732.5 2.5
6733.5 0
6734.5 0
6735.5 2.5
6736.5 2.5
6737.5 2.5
6738.5 2.5
6739.5 2.5
6740.5 0
6741.5 0
6742.5 5
6743.5 0
6744.5 0
6745.5 0
6746.5 2.5
6747.5 5
6748.5 0
6749.5 0
6750.5 0
6751.5 0
6752.5 0
6753.5 2.5
6754.5 0
6755.5 2.5
6756.5 0
6757.5 0
6758.5 0
6759.5 2.5
6760.5 0
6761.5 7.5
6762.5 0
6763.5 2.5
6764.5 0
6765.5 0
6766.5 2.5
6767.5 0
6768.5 0
6769.5 5
6770.5 0
6771.5 0
6772.5 0
6773.5 0
6774.5 2.5
6775.5 0
6776.5 2.5
6777.5 2.5
6778.5 0
6779.5 2.5
6780.5 0
6781.5 0
6782.5 0
6783.5 2.5
6784.5 0
6785.5 0
6786.5 0
6787.5 0
6788.5 2.5
6789.5 2.5
6790.5 2.5
6791.5 2.5
6792.5 2.5
6793.5 0
6794.5 2.5
6795.5 5
6796.5 2.5
6797.5 2.5
6798.5 0
6799.5 0
6800.5 2.5
6801.5 0
6802.5 0
6803.5 2.5
6804.5 2.5
6805.5 0
6806.5 0
6807.5 0
6808.5 0
6809.5 2.5
6810.5 0
6811.5 0
6812.5 0
6813.5 2.5
6814.5 0
6815.5 0
6816.5 0
6817.5 5
6818.5 0
6819.5 0
6820.5 0
6821.5 5
6822.5 0
6823.5 0
6824.5 2.5
6825.5 0
6826.5 2.5
6827.5 0
6828.5 2.5
6829.5 2.5
6830.5 2.5
6831.5 0
6832.5 2.5
6833.5 0
6834.5 2.5
6835.5 0
6836.5 0
6837.5 0
6838.5 0
6839.5 0
6840.5 2.5
6841.5 0
6842.5 2.5
6843.5 2.5
6844.5 2.5
6845.5 0
6846.5 0
6847.5 2.5
6848.5 0
6849.5 0
6850.5 0
6851.5 7.5
6852.5 0
6853.5 2.5
6854.5 2.5
6855.5 5
6856.5 0
6857.5 5
6858.5 2.5
6859.5 0
6860.5 2.5
6861.5 0
6862.5 0
6863.5 0
6864.5 2.5
6865.5 0
6866.5 2.5
6867.5 2.5
6868.5 2.5
6869.5 0
6870.5 0
6871.5 2.5
6872.5 2.5
6873.5 2.5
6874.5 0
6875.5 0
6876.5 2.5
6877.5 2.5
6878.5 2.5
6879.5 0
6880.5 0
6881.5 0
6882.5 0
6883.5 0
6884.5 0
6885.5 2.5
6886.5 0
6887.5 2.5
6888.5 2.5
6889.5 2.5
6890.5 0
6891.5 0
6892.5 2.5
6893.5 0
6894.5 0
6895.5 7.5
6896.5 2.5
6897.5 0
6898.5 2.5
6899.5 0
6900.5 0
6901.5 5
6902.5 2.5
6903.5 0
6904.5 2.5
6905.5 0
6906.5 2.5
6907.5 0
6908.5 0
6909.5 0
6910.5 0
6911.5 0
6912.5 0
6913.5 2.5
6914.5 0
6915.5 5
6916.5 5
6917.5 0
6918.5 0
6919.5 2.5
6920.5 2.5
6921.5 0
6922.5 2.5
6923.5 0
6924.5 2.5
6925.5 0
6926.5 0
6927.5 2.5
6928.5 2.5
6929.5 0
6930.5 0
6931.5 2.5
6932.5 0
6933.5 0
6934.5 2.5
6935.5 0
6936.5 2.5
6937.5 2.5
6938.5 2.5
6939.5 0
6940.5 0
6941.5 2.5
6942.5 0
6943.5 2.5
6944.5 0
6945.5 5
6946.5 2.5
6947.5 5
6948.5 5
6949.5 0
6950.5 0
6951.5 0
6952.5 0
6953.5 5
6954.5 0
6955.5 0
6956.5 0
6957.5 0
6958.5 0
6959.5 5
6960.5 2.5
6961.5 0
6962.5 0
6963.5 0
6964.5 0
6965.5 0
6966.5 0
6967.5 0
6968.5 5
6969.5 2.5
6970.5 2.5
6971.5 0
6972.5 2.5
6973.5 0
6974.5 2.5
6975.5 2.5
6976.5 2.5
6977.5 0
6978.5 0
6979.5 0
6980.5 5
6981.5 0
6982.5 0
6983.5 2.5
6984.5 0
6985.5 0
6986.5 2.5
6987.5 2.5
6988.5 5
6989.5 0
6990.5 5
6991.5 5
6992.5 0
6993.5 0
6994.5 0
6995.5 0
6996.5 2.5
6997.5 0
6998.5 0
6999.5 0
7000.5 0
7001.5 0
7002.5 0
7003.5 5
7004.5 2.5
7005.5 0
7006.5 5
7007.5 0
7008.5 5
7009.5 0
7010.5 2.5
7011.5 0
7012.5 2.5
7013.5 0
7014.5 0
7015.5 2.5
7016.5 0
7017.5 0
7018.5 0
7019.5 2.5
7020.5 2.5
7021.5 0
7022.5 5
7023.5 2.5
7024.5 0
7025.5 5
7026.5 0
7027.5 2.5
7028.5 0
7029.5 0
7030.5 2.5
7031.5 0
7032.5 0
7033.5 5
7034.5 0
7035.5 0
7036.5 0
7037.5 2.5
7038.5 0
7039.5 0
7040.5 0
7041.5 0
7042.5 2.5
7043.5 5
7044.5 0
7045.5 0
7046.5 0
7047.5 2.5
7048.5 2.5
7049.5 0
7050.5 0
7051.5 0
7052.5 2.5
7053.5 2.5
7054.5 2.5
7055.5 0
7056.5 0
7057.5 2.5
7058.5 0
7059.5 5
7060.5 0
7061.5 0
7062.5 2.5
7063.5 0
7064.5 0
7065.5 2.5
7066.5 2.5
7067.5 0
7068.5 2.5
7069.5 0
7070.5 0
7071.5 0
7072.5 0
7073.5 0
7074.5 0
7075.5 0
7076.5 0
7077.5 0
7078.5 0
7079.5 2.5
7080.5 0
7081.5 2.5
7082.5 0
7083.5 0
7084.5 5
7085.5 0
7086.5 5
7087.5 0
7088.5 2.5
7089.5 2.5
7090.5 0
7091.5 0
7092.5 2.5
7093.5 0
7094.5 0
7095.5 0
7096.5 2.5
7097.5 2.5
7098.5 0
7099.5 2.5
7100.5 0
7101.5 2.5
7102.5 0
7103.5 2.5
7104.5 0
7105.5 0
7106.5 0
7107.5 0
7108.5 0
7109.5 0
7110.5 2.5
7111.5 2.5
7112.5 0
7113.5 0
7114.5 0
7115.5 0
7116.5 2.5
7117.5 2.5
7118.5 2.5
7119.5 2.5
7120.5 0
7121.5 0
7122.5 0
7123.5 0
7124.5 5
7125.5 0
7126.5 0
7127.5 0
7128.5 2.5
7129.5 0
7130.5 0
7131.5 0
7132.5 2.5
7133.5 0
7134.5 0
7135.5 0
7136.5 0
7137.5 0
7138.5 0
7139.5 2.5
7140.5 0
7141.5 0
7142.5 2.5
7143.5 5
7144.5 0
7145.5 0
7146.5 5
7147.5 2.5
7148.5 0
7149.5 0
7150.5 5
7151.5 2.5
7152.5 5
7153.5 2.5
7154.5 0
7155.5 0
7156.5 0
7157.5 0
7158.5 0
7159.5 0
7160.5 0
7161.5 0
7162.5 0
7163.5 2.5
7164.5 0
7165.5 2.5
7166.5 2.5
7167.5 2.5
7168.5 2.5
7169.5 2.5
7170.5 2.5
7171.5 2.5
7172.5 0
7173.5 2.5
7174.5 5
7175.5 0
7176.5 2.5
7177.5 2.5
7178.5 0
7179.5 0
7180.5 5
7181.5 0
7182.5 0
7183.5 0
7184.5 2.5
7185.5 0
7186.5 2.5
7187.5 0
7188.5 0
7189.5 0
7190.5 2.5
7191.5 5
7192.5 0
7193.5 2.5
7194.5 0
7195.5 0
7196.5 0
7197.5 5
7198.5 0
7199.5 0
7200.5 2.5
7201.5 2.5
7202.5 5
7203.5 2.5
7204.5 0
7205.5 0
7206.5 0
7207.5 5
7208.5 0
7209.5 2.5
7210.5 2.5
7211.5 0
7212.5 2.5
7213.5 0
7214.5 0
7215.5 0
7216.5 2.5
7217.5 5
7218.5 0
7219.5 0
7220.5 0
7221.5 7.5
7222.5 2.5
7223.5 0
7224.5 0
7225.5 0
7226.5 0
7227.5 2.5
7228.5 0
7229.5 0
7230.5 2.5
7231.5 0
7232.5 0
7233.5 2.5
7234.5 0
7235.5 0
7236.5 0
7237.5 0
7238.5 2.5
7239.5 2.5
7240.5 2.5
7241.5 0
7242.5 0
7243.5 0
7244.5 0
7245.5 2.5
7246.5 2.5
7247.5 2.5
7248.5 0
7249.5 0
7250.5 2.5
7251.5 0
7252.5 2.5
7253.5 0
7254.5 0
7255.5 2.5
7256.5 2.5
7257.5 0
7258.5 0
7259.5 0
7260.5 0
7261.5 2.5
7262.5 0
7263.5 0
7264.5 0
7265.5 0
7266.5 5
7267.5 2.5
7268.5 0
7269.5 0
7270.5 0
7271.5 0
7272.5 0
7273.5 0
7274.5 0
7275.5 0
7276.5 2.5
7277.5 7.5
7278.5 5
7279.5 2.5
7280.5 0
7281.5 2.5
7282.5 0
7283.5 0
7284.5 2.5
7285.5 2.5
7286.5 0
7287.5 0
7288.5 0
7289.5 0
7290.5 0
7291.5 0
7292.5 0
7293.5 0
7294.5 0
7295.5 0
7296.5 0
7297.5 0
7298.5 0
7299.5 2.5
7300.5 5
7301.5 0
7302.5 2.5
7303.5 2.5
7304.5 2.5
7305.5 0
7306.5 0
7307.5 0
7308.5 0
7309.5 0
7310.5 0
7311.5 2.5
7312.5 2.5
7313.5 0
7314.5 0
7315.5 0
7316.5 0
7317.5 2.5
7318.5 0
7319.5 2.5
7320.5 0
7321.5 0
7322.5 2.5
7323.5 0
7324.5 0
7325.5 0
7326.5 0
7327.5 2.5
7328.5 2.5
7329.5 0
7330.5 0
7331.5 0
7332.5 2.5
7333.5 5
7334.5 0
7335.5 2.5
7336.5 0
7337.5 0
7338.5 0
7339.5 0
7340.5 0
7341.5 5
7342.5 0
7343.5 0
7344.5 0
7345.5 0
7346.5 2.5
7347.5 0
7348.5 2.5
7349.5 0
7350.5 2.5
7351.5 0
7352.5 2.5
7353.5 0
7354.5 0
7355.5 0
7356.5 0
7357.5 0
7358.5 2.5
7359.5 0
7360.5 0
7361.5 5
7362.5 0
7363.5 2.5
7364.5 0
7365.5 2.5
7366.5 0
7367.5 0
7368.5 2.5
7369.5 0
7370.5 0
7371.5 0
7372.5 0
7373.5 0
7374.5 5
7375.5 0
7376.5 0
7377.5 0
7378.5 0
7379.5 0
7380.5 0
7381.5 2.5
7382.5 0
7383.5 0
7384.5 0
7385.5 2.5
7386.5 2.5
7387.5 0
7388.5 2.5
7389.5 5
7390.5 2.5
7391.5 2.5
7392.5 2.5
7393.5 0
7394.5 0
7395.5 0
7396.5 2.5
7397.5 2.5
7398.5 2.5
7399.5 0
7400.5 0
7401.5 0
7402.5 2.5
7403.5 0
7404.5 0
7405.5 0
7406.5 2.5
7407.5 0
7408.5 0
7409.5 0
7410.5 0
7411.5 0
7412.5 0
7413.5 0
7414.5 0
7415.5 0
7416.5 2.5
7417.5 0
7418.5 2.5
7419.5 0
7420.5 5
7421.5 0
7422.5 2.5
7423.5 0
7424.5 0
7425.5 0
7426.5 0
7427.5 0
7428.5 2.5
7429.5 2.5
7430.5 2.5
7431.5 0
7432.5 0
7433.5 0
7434.5 2.5
7435.5 2.5
7436.5 0
7437.5 2.5
7438.5 0
7439.5 2.5
7440.5 0
7441.5 2.5
7442.5 0
7443.5 2.5
7444.5 0
7445.5 0
7446.5 0
7447.5 0
7448.5 2.5
7449.5 0
7450.5 2.5
7451.5 0
7452.5 0
7453.5 0
7454.5 0
7455.5 2.5
7456.5 2.5
7457.5 0
7458.5 0
7459.5 0
7460.5 5
7461.5 2.5
7462.5 0
7463.5 2.5
7464.5 0
7465.5 0
7466.5 2.5
7467.5 2.5
7468.5 0
7469.5 0
7470.5 0
7471.5 0
7472.5 0
7473.5 0
7474.5 0
7475.5 0
7476.5 0
7477.5 5
7478.5 0
7479.5 2.5
7480.5 2.5
7481.5 0
7482.5 0
7483.5 0
7484.5 0
7485.5 0
7486.5 7.5
7487.5 0
7488.5 5
7489.5 2.5
7490.5 0
7491.5 2.5
7492.5 2.5
7493.5 0
7494.5 0
7495.5 0
7496.5 0
7497.5 5
7498.5 0
7499.5 2.5
7500.5 0
7501.5 0
7502.5 0
7503.5 0
7504.5 5
7505.5 2.5
7506.5 2.5
7507.5 0
7508.5 0
7509.5 0
7510.5 0
7511.5 2.5
7512.5 0
7513.5 0
7514.5 0
7515.5 0
7516.5 0
7517.5 2.5
7518.5 0
7519.5 0
7520.5 0
7521.5 0
7522.5 0
7523.5 0
7524.5 0
7525.5 0
7526.5 2.5
7527.5 2.5
7528.5 0
7529.5 0
7530.5 0
7531.5 0
7532.5 0
7533.5 2.5
7534.5 0
7535.5 0
7536.5 0
7537.5 0
7538.5 0
7539.5 0
7540.5 0
7541.5 0
7542.5 0
7543.5 0
7544.5 2.5
7545.5 0
7546.5 0
7547.5 0
7548.5 0
7549.5 2.5
7550.5 0
7551.5 5
7552.5 0
7553.5 0
7554.5 2.5
7555.5 0
7556.5 0
7557.5 0
7558.5 2.5
7559.5 0
7560.5 0
7561.5 0
7562.5 0
7563.5 0
7564.5 2.5
7565.5 0
7566.5 2.5
7567.5 0
7568.5 0
7569.5 0
7570.5 2.5
7571.5 0
7572.5 0
7573.5 0
7574.5 0
7575.5 2.5
7576.5 2.5
7577.5 2.5
7578.5 0
7579.5 0
7580.5 0
7581.5 0
7582.5 2.5
7583.5 2.5
7584.5 2.5
7585.5 0
7586.5 0
7587.5 2.5
7588.5 2.5
7589.5 2.5
7590.5 0
7591.5 0
7592.5 0
7593.5 2.5
7594.5 0
7595.5 2.5
7596.5 0
7597.5 0
7598.5 0
7599.5 0
7600.5 5
7601.5 0
7602.5 0
7603.5 0
7604.5 0
7605.5 0
7606.5 0
7607.5 0
7608.5 0
7609.5 0
7610.5 5
7611.5 2.5
7612.5 5
7613.5 2.5
7614.5 0
7615.5 5
7616.5 0
7617.5 0
7618.5 0
7619.5 0
7620.5 2.5
7621.5 0
7622.5 0
7623.5 5
7624.5 0
7625.5 0
7626.5 0
7627.5 0
7628.5 0
7629.5 5
7630.5 0
7631.5 0
7632.5 0
7633.5 0
7634.5 0
7635.5 0
7636.5 0
7637.5 0
7638.5 0
7639.5 0
7640.5 0
7641.5 0
7642.5 5
7643.5 5
7644.5 0
7645.5 0
7646.5 0
7647.5 0
7648.5 0
7649.5 5
7650.5 0
7651.5 2.5
7652.5 2.5
7653.5 0
7654.5 2.5
7655.5 0
7656.5 2.5
7657.5 0
7658.5 0
7659.5 0
7660.5 2.5
7661.5 0
7662.5 0
7663.5 2.5
7664.5 0
7665.5 0
7666.5 2.5
7667.5 0
7668.5 0
7669.5 0
7670.5 2.5
7671.5 0
7672.5 2.5
7673.5 0
7674.5 2.5
7675.5 0
7676.5 0
7677.5 0
7678.5 0
7679.5 0
7680.5 0
7681.5 0
7682.5 0
7683.5 0
7684.5 5
7685.5 0
7686.5 0
7687.5 5
7688.5 0
7689.5 0
7690.5 2.5
7691.5 2.5
7692.5 5
7693.5 0
7694.5 0
7695.5 2.5
7696.5 2.5
7697.5 0
7698.5 0
7699.5 0
7700.5 2.5
7701.5 0
7702.5 5
7703.5 0
7704.5 2.5
7705.5 0
7706.5 5
7707.5 0
7708.5 0
7709.5 0
7710.5 0
7711.5 5
7712.5 2.5
7713.5 0
7714.5 0
7715.5 0
7716.5 0
7717.5 0
7718.5 0
7719.5 0
7720.5 0
7721.5 0
7722.5 0
7723.5 2.5
7724.5 0
7725.5 0
7726.5 0
7727.5 0
7728.5 2.5
7729.5 0
7730.5 0
7731.5 2.5
7732.5 0
7733.5 0
7734.5 0
7735.5 0
7736.5 5
7737.5 5
7738.5 0
7739.5 0
7740.5 0
7741.5 0
7742.5 0
7743.5 2.5
7744.5 0
7745.5 0
7746.5 2.5
7747.5 0
7748.5 0
7749.5 0
7750.5 0
7751.5 0
7752.5 0
7753.5 0
7754.5 0
7755.5 0
7756.5 2.5
7757.5 0
7758.5 0
7759.5 0
7760.5 0
7761.5 0
7762.5 0
7763.5 0
7764.5 2.5
7765.5 0
7766.5 0
7767.5 0
7768.5 0
7769.5 0
7770.5 0
7771.5 0
7772.5 2.5
7773.5 0
7774.5 0
7775.5 5
7776.5 0
7777.5 0
7778.5 0
7779.5 2.5
7780.5 0
7781.5 2.5
7782.5 5
7783.5 0
7784.5 0
7785.5 2.5
7786.5 0
7787.5 0
7788.5 0
7789.5 0
7790.5 0
7791.5 0
7792.5 2.5
7793.5 2.5
7794.5 0
7795.5 0
7796.5 2.5
7797.5 2.5
7798.5 2.5
7799.5 0
7800.5 2.5
7801.5 0
7802.5 0
7803.5 0
7804.5 2.5
7805.5 0
7806.5 2.5
7807.5 0
7808.5 0
7809.5 2.5
7810.5 0
7811.5 0
7812.5 2.5
7813.5 0
7814.5 0
7815.5 0
7816.5 0
7817.5 0
7818.5 5
7819.5 0
7820.5 0
7821.5 0
7822.5 0
7823.5 0
7824.5 0
7825.5 0
7826.5 0
7827.5 0
7828.5 2.5
7829.5 2.5
7830.5 0
7831.5 0
7832.5 0
7833.5 5
7834.5 2.5
7835.5 0
7836.5 0
7837.5 0
7838.5 0
7839.5 0
7840.5 0
7841.5 0
7842.5 0
7843.5 0
7844.5 0
7845.5 2.5
7846.5 0
7847.5 2.5
7848.5 0
7849.5 0
7850.5 2.5
7851.5 2.5
7852.5 0
7853.5 0
7854.5 2.5
7855.5 0
7856.5 0
7857.5 0
7858.5 2.5
7859.5 0
7860.5 0
7861.5 0
7862.5 0
7863.5 0
7864.5 2.5
7865.5 0
7866.5 0
7867.5 2.5
7868.5 2.5
7869.5 0
7870.5 0
7871.5 0
7872.5 0
7873.5 0
7874.5 0
7875.5 0
7876.5 0
7877.5 2.5
7878.5 2.5
7879.5 0
7880.5 0
7881.5 2.5
7882.5 0
7883.5 0
7884.5 0
7885.5 5
7886.5 0
7887.5 0
7888.5 0
7889.5 2.5
7890.5 0
7891.5 0
7892.5 0
7893.5 2.5
7894.5 2.5
7895.5 2.5
7896.5 0
7897.5 0
7898.5 0
7899.5 5
7900.5 2.5
7901.5 0
7902.5 2.5
7903.5 5
7904.5 0
7905.5 2.5
7906.5 0
7907.5 0
7908.5 0
7909.5 0
7910.5 2.5
7911.5 2.5
7912.5 0
7913.5 0
7914.5 2.5
7915.5 0
7916.5 0
7917.5 0
7918.5 0
7919.5 0
7920.5 2.5
7921.5 0
7922.5 0
7923.5 0
7924.5 0
7925.5 0
7926.5 0
7927.5 2.5
7928.5 0
7929.5 0
7930.5 2.5
7931.5 0
7932.5 0
7933.5 0
7934.5 0
7935.5 0
7936.5 2.5
7937.5 0
7938.5 0
7939.5 0
7940.5 2.5
7941.5 0
7942.5 0
7943.5 2.5
7944.5 0
7945.5 2.5
7946.5 0
7947.5 0
7948.5 2.5
7949.5 0
7950.5 0
7951.5 5
7952.5 5
7953.5 0
7954.5 0
7955.5 0
7956.5 2.5
7957.5 0
7958.5 0
7959.5 2.5
7960.5 0
7961.5 0
7962.5 0
7963.5 0
7964.5 0
7965.5 0
7966.5 0
7967.5 0
7968.5 0
7969.5 0
7970.5 0
7971.5 2.5
7972.5 2.5
7973.5 2.5
7974.5 0
7975.5 2.5
7976.5 0
7977.5 0
7978.5 0
7979.5 0
7980.5 0
7981.5 2.5
7982.5 0
7983.5 0
7984.5 2.5
7985.5 0
7986.5 2.5
7987.5 2.5
7988.5 0
7989.5 0
7990.5 0
7991.5 0
7992.5 0
7993.5 0
7994.5 0
7995.5 2.5
7996.5 2.5
7997.5 0
7998.5 0
7999.5 5
