0.5 67747
1.5 3638
2.5 3574
3.5 2341
4.5 43
5.5 41
6.5 45
7.5 51
8.5 45
9.5 32
10.5 28
11.5 38
12.5 41
13.5 57
14.5 55
15.5 49
16.5 34
17.5 36
18.5 39
19.5 44
20.5 48
21.5 47
22.5 58
23.5 33
24.5 39
25.5 50
26.5 36
27.5 36
28.5 54
29.5 55
30.5 52
31.5 49
32.5 48
33.5 32
34.5 37
35.5 46
36.5 53
37.5 36
38.5 37
39.5 61
40.5 44
41.5 49
42.5 44
43.5 37
44.5 42
45.5 54
46.5 41
47.5 58
48.5 50
49.5 48
50.5 48
51.5 52
52.5 61
53.5 46
54.5 56
55.5 63
56.5 45
57.5 56
58.5 60
59.5 56
60.5 50
61.5 50
62.5 42
63.5 50
64.5 65
65.5 51
66.5 50
67.5 60
68.5 51
69.5 59
70.5 53
71.5 51
72.5 58
73.5 59
74.5 60
75.5 69
76.5 61
77.5 57
78.5 66
79.5 54
80.5 63
81.5 58
82.5 58
83.5 63
84.5 65
85.5 53
86.5 76
87.5 61
88.5 56
89.5 53
90.5 61
91.5 62
92.5 77
93.5 66
94.5 71
95.5 72
96.5 62
97.5 71
98.5 69
99.5 75
100.5 68
101.5 77
102.5 82
103.5 73
104.5 83
105.5 89
106.5 84
107.5 92
108.5 94
109.5 80
110.5 101
111.5 94
112.5 121
113.5 63
114.5 94
115.5 92
116.5 77
117.5 86
118.5 98
119.5 113
120.5 97
121.5 97
122.5 96
123.5 108
124.5 96
125.5 110
126.5 118
127.5 103
128.5 114
129.5 105
130.5 119
131.5 122
132.5 116
133.5 115
134.5 103
135.5 146
136.5 133
137.5 126
138.5 126
139.5 140
140.5 142
141.5 129
142.5 121
143.5 134
144.5 150
145.5 148
146.5 135
147.5 158
148.5 135
149.5 155
150.5 148
151.5 153
152.5 173
153.5 181
154.5 186
155.5 168
156.5 170
157.5 169
158.5 168
159.5 181
160.5 169
161.5 156
162.5 167
163.5 152
164.5 172
165.5 215
166.5 200
167.5 197
168.5 209
169.5 188
170.5 173
171.5 224
172.5 208
173.5 204
174.5 231
175.5 239
176.5 245
177.5 232
178.5 216
179.5 216
180.5 249
181.5 223
182.5 220
183.5 255
184.5 246
185.5 239
186.5 256
187.5 237
188.5 245
189.5 245
190.5 248
191.5 261
192.5 283
193.5 248
194.5 250
195.5 298
196.5 256
197.5 281
198.5 246
199.5 302
200.5 304
201.5 318
202.5 301
203.5 282
204.5 283
205.5 283
206.5 308
207.5 323
208.5 302
209.5 296
210.5 288
211.5 325
212.5 312
213.5 327
214.5 310
215.5 322
216.5 341
217.5 347
218.5 323
219.5 357
220.5 354
221.5 340
222.5 364
223.5 354
224.5 339
225.5 353
226.5 324
227.5 342
228.5 365
229.5 332
230.5 348
231.5 355
232.5 313
233.5 307
234.5 402
235.5 351
236.5 380
237.5 382
238.5 348
239.5 340
240.5 369
241.5 370
242.5 341
243.5 349
244.5 365
245.5 373
246.5 365
247.5 357
248.5 410
249.5 379
250.5 348
251.5 339
252.5 359
253.5 411
254.5 375
255.5 407
256.5 370
257.5 373
258.5 387
259.5 359
260.5 328
261.5 353
262.5 402
263.5 360
264.5 385
265.5 363
266.5 407
267.5 383
268.5 402
269.5 396
270.5 381
271.5 391
272.5 367
273.5 389
274.5 377
275.5 352
276.5 406
277.5 394
278.5 398
279.5 409
280.5 395
281.5 317
282.5 430
283.5 426
284.5 374
285.5 414
286.5 401
287.5 391
288.5 408
289.5 376
290.5 398
291.5 393
292.5 389
293.5 384
294.5 420
295.5 353
296.5 356
297.5 355
298.5 344
299.5 357
300.5 388
301.5 343
302.5 353
303.5 415
304.5 355
305.5 331
306.5 397
307.5 368
308.5 361
309.5 375
310.5 372
311.5 323
312.5 379
313.5 366
314.5 374
315.5 380
316.5 340
317.5 362
318.5 368
319.5 342
320.5 367
321.5 380
322.5 380
323.5 350
324.5 353
325.5 377
326.5 349
327.5 371
328.5 365
329.5 364
330.5 350
331.5 387
332.5 301
333.5 337
334.5 333
335.5 359
336.5 346
337.5 369
338.5 321
339.5 338
340.5 365
341.5 357
342.5 351
343.5 348
344.5 349
345.5 342
346.5 333
347.5 323
348.5 315
349.5 341
350.5 294
351.5 365
352.5 337
353.5 334
354.5 351
355.5 327
356.5 328
357.5 315
358.5 325
359.5 290
360.5 331
361.5 342
362.5 351
363.5 333
364.5 299
365.5 314
366.5 324
367.5 307
368.5 295
369.5 327
370.5 279
371.5 299
372.5 300
373.5 293
374.5 291
375.5 305
376.5 291
377.5 276
378.5 298
379.5 254
380.5 303
381.5 316
382.5 291
383.5 290
384.5 288
385.5 281
386.5 270
387.5 308
388.5 260
389.5 306
390.5 271
391.5 230
392.5 262
393.5 255
394.5 273
395.5 277
396.5 290
397.5 255
398.5 285
399.5 267
400.5 250
401.5 275
402.5 291
403.5 270
404.5 262
405.5 293
406.5 295
407.5 262
408.5 287
409.5 261
410.5 250
411.5 257
412.5 275
413.5 280
414.5 269
415.5 230
416.5 268
417.5 278
418.5 233
419.5 244
420.5 248
421.5 235
422.5 258
423.5 278
424.5 275
425.5 224
426.5 238
427.5 263
428.5 257
429.5 289
430.5 250
431.5 273
432.5 256
433.5 272
434.5 260
435.5 249
436.5 247
437.5 268
438.5 269
439.5 242
440.5 238
441.5 250
442.5 251
443.5 282
444.5 262
445.5 276
446.5 281
447.5 296
448.5 247
449.5 254
450.5 279
451.5 237
452.5 270
453.5 226
454.5 262
455.5 232
456.5 280
457.5 275
458.5 244
459.5 262
460.5 278
461.5 264
462.5 276
463.5 262
464.5 286
465.5 282
466.5 307
467.5 285
468.5 251
469.5 296
470.5 254
471.5 310
472.5 276
473.5 263
474.5 280
475.5 277
476.5 273
477.5 296
478.5 307
479.5 281
480.5 292
481.5 313
482.5 317
483.5 319
484.5 297
485.5 316
486.5 331
487.5 309
488.5 325
489.5 329
490.5 337
491.5 353
492.5 350
493.5 353
494.5 349
495.5 338
496.5 374
497.5 360
498.5 375
499.5 388
500.5 382
501.5 377
502.5 373
503.5 389
504.5 375
505.5 393
506.5 392
507.5 394
508.5 419
509.5 423
510.5 441
511.5 454
512.5 421
513.5 447
514.5 429
515.5 466
516.5 461
517.5 451
518.5 476
519.5 489
520.5 480
521.5 425
522.5 390
523.5 465
524.5 411
525.5 483
526.5 509
527.5 465
528.5 508
529.5 437
530.5 423
531.5 409
532.5 416
533.5 430
534.5 394
535.5 461
536.5 425
537.5 421
538.5 435
539.5 411
540.5 394
541.5 458
542.5 393
543.5 382
544.5 390
545.5 421
546.5 395
547.5 389
548.5 359
549.5 360
550.5 361
551.5 328
552.5 349
553.5 367
554.5 324
555.5 351
556.5 340
557.5 313
558.5 353
559.5 330
560.5 340
561.5 301
562.5 317
563.5 293
564.5 324
565.5 305
566.5 318
567.5 307
568.5 277
569.5 290
570.5 316
571.5 296
572.5 294
573.5 271
574.5 305
575.5 253
576.5 248
577.5 298
578.5 297
579.5 259
580.5 278
581.5 273
582.5 253
583.5 254
584.5 227
585.5 247
586.5 237
587.5 239
588.5 221
589.5 213
590.5 218
591.5 247
592.5 217
593.5 242
594.5 204
595.5 237
596.5 248
597.5 193
598.5 219
599.5 229
600.5 239
601.5 200
602.5 211
603.5 183
604.5 217
605.5 197
606.5 192
607.5 213
608.5 191
609.5 193
610.5 186
611.5 195
612.5 175
613.5 206
614.5 191
615.5 173
616.5 163
617.5 158
618.5 173
619.5 165
620.5 213
621.5 156
622.5 170
623.5 163
624.5 149
625.5 131
626.5 182
627.5 137
628.5 139
629.5 152
630.5 152
631.5 136
632.5 158
633.5 154
634.5 130
635.5 148
636.5 159
637.5 139
638.5 159
639.5 123
640.5 146
641.5 133
642.5 145
643.5 148
644.5 134
645.5 123
646.5 135
647.5 142
648.5 137
649.5 141
650.5 141
651.5 128
652.5 129
653.5 110
654.5 111
655.5 130
656.5 109
657.5 110
658.5 122
659.5 112
660.5 109
661.5 107
662.5 115
663.5 116
664.5 133
665.5 133
666.5 112
667.5 87
668.5 117
669.5 115
670.5 105
671.5 120
672.5 110
673.5 107
674.5 122
675.5 112
676.5 99
677.5 114
678.5 99
679.5 117
680.5 109
681.5 110
682.5 87
683.5 96
684.5 100
685.5 108
686.5 112
687.5 109
688.5 87
689.5 83
690.5 111
691.5 81
692.5 82
693.5 87
694.5 92
695.5 96
696.5 92
697.5 93
698.5 106
699.5 104
700.5 93
701.5 85
702.5 91
703.5 98
704.5 72
705.5 75
706.5 77
707.5 98
708.5 93
709.5 79
710.5 76
711.5 100
712.5 70
713.5 84
714.5 91
715.5 82
716.5 77
717.5 68
718.5 95
719.5 82
720.5 85
721.5 76
722.5 73
723.5 100
724.5 86
725.5 65
726.5 70
727.5 93
728.5 55
729.5 94
730.5 89
731.5 67
732.5 71
733.5 81
734.5 86
735.5 89
736.5 79
737.5 90
738.5 84
739.5 71
740.5 81
741.5 68
742.5 83
743.5 66
744.5 66
745.5 75
746.5 73
747.5 80
748.5 71
749.5 74
750.5 81
751.5 70
752.5 67
753.5 62
754.5 78
755.5 61
756.5 72
757.5 65
758.5 89
759.5 68
760.5 81
761.5 68
762.5 73
763.5 77
764.5 65
765.5 69
766.5 74
767.5 65
768.5 80
769.5 60
770.5 83
771.5 81
772.5 54
773.5 74
774.5 63
775.5 68
776.5 70
777.5 69
778.5 77
779.5 70
780.5 65
781.5 56
782.5 72
783.5 63
784.5 59
785.5 65
786.5 50
787.5 67
788.5 68
789.5 63
790.5 61
791.5 55
792.5 65
793.5 59
794.5 73
795.5 83
796.5 48
797.5 66
798.5 64
799.5 62
800.5 59
801.5 74
802.5 63
803.5 64
804.5 69
805.5 50
806.5 71
807.5 68
808.5 50
809.5 78
810.5 69
811.5 61
812.5 65
813.5 68
814.5 66
815.5 68
816.5 61
817.5 58
818.5 61
819.5 63
820.5 54
821.5 60
822.5 50
823.5 64
824.5 68
825.5 82
826.5 68
827.5 56
828.5 57
829.5 51
830.5 59
831.5 56
832.5 54
833.5 52
834.5 67
835.5 59
836.5 59
837.5 61
838.5 57
839.5 58
840.5 70
841.5 38
842.5 60
843.5 53
844.5 61
845.5 55
846.5 64
847.5 62
848.5 44
849.5 64
850.5 66
851.5 51
852.5 64
853.5 54
854.5 59
855.5 63
856.5 58
857.5 60
858.5 60
859.5 68
860.5 46
861.5 49
862.5 71
863.5 52
864.5 63
865.5 64
866.5 50
867.5 54
868.5 49
869.5 66
870.5 50
871.5 51
872.5 40
873.5 63
874.5 51
875.5 45
876.5 54
877.5 63
878.5 51
879.5 47
880.5 60
881.5 54
882.5 47
883.5 47
884.5 55
885.5 50
886.5 53
887.5 60
888.5 49
889.5 56
890.5 50
891.5 50
892.5 39
893.5 61
894.5 68
895.5 56
896.5 61
897.5 53
898.5 60
899.5 46
900.5 42
901.5 61
902.5 51
903.5 44
904.5 41
905.5 54
906.5 55
907.5 66
908.5 41
909.5 46
910.5 39
911.5 42
912.5 54
913.5 51
914.5 55
915.5 35
916.5 51
917.5 50
918.5 41
919.5 47
920.5 65
921.5 49
922.5 48
923.5 53
924.5 53
925.5 52
926.5 57
927.5 51
928.5 52
929.5 50
930.5 40
931.5 55
932.5 56
933.5 42
934.5 44
935.5 52
936.5 55
937.5 51
938.5 50
939.5 49
940.5 47
941.5 46
942.5 63
943.5 46
944.5 40
945.5 48
946.5 49
947.5 42
948.5 45
949.5 59
950.5 55
951.5 49
952.5 50
953.5 40
954.5 55
955.5 48
956.5 53
957.5 42
958.5 51
959.5 51
960.5 57
961.5 32
962.5 43
963.5 44
964.5 33
965.5 56
966.5 48
967.5 41
968.5 43
969.5 57
970.5 44
971.5 54
972.5 53
973.5 49
974.5 46
975.5 44
976.5 47
977.5 54
978.5 49
979.5 40
980.5 49
981.5 45
982.5 50
983.5 49
984.5 42
985.5 47
986.5 41
987.5 41
988.5 44
989.5 51
990.5 45
991.5 45
992.5 40
993.5 45
994.5 44
995.5 43
996.5 40
997.5 41
998.5 51
999.5 58
1000.5 43
1001.5 53
1002.5 46
1003.5 54
1004.5 59
1005.5 50
1006.5 41
1007.5 38
1008.5 40
1009.5 47
1010.5 30
1011.5 45
1012.5 43
1013.5 44
1014.5 40
1015.5 39
1016.5 46
1017.5 50
1018.5 54
1019.5 41
1020.5 47
1021.5 40
1022.5 45
1023.5 47
1024.5 38
1025.5 32
1026.5 50
1027.5 46
1028.5 38
1029.5 41
1030.5 31
1031.5 42
1032.5 36
1033.5 50
1034.5 40
1035.5 45
1036.5 49
1037.5 48
1038.5 43
1039.5 42
1040.5 54
1041.5 39
1042.5 37
1043.5 60
1044.5 48
1045.5 42
1046.5 44
1047.5 46
1048.5 41
1049.5 53
1050.5 44
1051.5 44
1052.5 54
1053.5 35
1054.5 53
1055.5 50
1056.5 48
1057.5 58
1058.5 33
1059.5 36
1060.5 41
1061.5 53
1062.5 50
1063.5 40
1064.5 37
1065.5 52
1066.5 35
1067.5 53
1068.5 47
1069.5 43
1070.5 33
1071.5 42
1072.5 40
1073.5 42
1074.5 47
1075.5 48
1076.5 43
1077.5 41
1078.5 35
1079.5 45
1080.5 38
1081.5 46
1082.5 52
1083.5 45
1084.5 39
1085.5 45
1086.5 38
1087.5 41
1088.5 55
1089.5 43
1090.5 38
1091.5 42
1092.5 41
1093.5 51
1094.5 45
1095.5 38
1096.5 51
1097.5 39
1098.5 37
1099.5 44
1100.5 41
1101.5 45
1102.5 37
1103.5 46
1104.5 44
1105.5 45
1106.5 35
1107.5 33
1108.5 42
1109.5 46
1110.5 41
1111.5 55
1112.5 41
1113.5 37
1114.5 41
1115.5 54
1116.5 33
1117.5 49
1118.5 48
1119.5 32
1120.5 28
1121.5 34
1122.5 37
1123.5 43
1124.5 51
1125.5 41
1126.5 33
1127.5 44
1128.5 41
1129.5 33
1130.5 47
1131.5 36
1132.5 37
1133.5 44
1134.5 38
1135.5 43
1136.5 32
1137.5 40
1138.5 35
1139.5 42
1140.5 47
1141.5 36
1142.5 33
1143.5 44
1144.5 37
1145.5 46
1146.5 47
1147.5 24
1148.5 34
1149.5 34
1150.5 47
1151.5 42
1152.5 42
1153.5 52
1154.5 37
1155.5 29
1156.5 44
1157.5 42
1158.5 49
1159.5 36
1160.5 45
1161.5 37
1162.5 47
1163.5 50
1164.5 32
1165.5 46
1166.5 35
1167.5 38
1168.5 35
1169.5 30
1170.5 49
1171.5 41
1172.5 47
1173.5 36
1174.5 33
1175.5 33
1176.5 52
1177.5 48
1178.5 42
1179.5 39
1180.5 35
1181.5 45
1182.5 42
1183.5 40
1184.5 31
1185.5 54
1186.5 39
1187.5 31
1188.5 34
1189.5 45
1190.5 41
1191.5 40
1192.5 32
1193.5 38
1194.5 40
1195.5 38
1196.5 38
1197.5 44
1198.5 52
1199.5 43
1200.5 33
1201.5 37
1202.5 39
1203.5 32
1204.5 36
1205.5 41
1206.5 47
1207.5 31
1208.5 34
1209.5 44
1210.5 45
1211.5 33
1212.5 29
1213.5 37
1214.5 49
1215.5 43
1216.5 38
1217.5 42
1218.5 37
1219.5 47
1220.5 40
1221.5 36
1222.5 33
1223.5 40
1224.5 32
1225.5 36
1226.5 42
1227.5 35
1228.5 41
1229.5 51
1230.5 37
1231.5 30
1232.5 26
1233.5 37
1234.5 32
1235.5 33
1236.5 37
1237.5 25
1238.5 39
1239.5 36
1240.5 41
1241.5 34
1242.5 44
1243.5 29
1244.5 36
1245.5 32
1246.5 48
1247.5 39
1248.5 28
1249.5 33
1250.5 40
1251.5 39
1252.5 37
1253.5 39
1254.5 31
1255.5 36
1256.5 44
1257.5 41
1258.5 40
1259.5 36
1260.5 39
1261.5 43
1262.5 39
1263.5 39
1264.5 25
1265.5 49
1266.5 34
1267.5 34
1268.5 44
1269.5 36
1270.5 30
1271.5 40
1272.5 46
1273.5 33
1274.5 34
1275.5 35
1276.5 39
1277.5 29
1278.5 27
1279.5 44
1280.5 39
1281.5 32
1282.5 29
1283.5 31
1284.5 34
1285.5 31
1286.5 36
1287.5 33
1288.5 34
1289.5 44
1290.5 40
1291.5 38
1292.5 40
1293.5 38
1294.5 41
1295.5 38
1296.5 30
1297.5 29
1298.5 32
1299.5 31
1300.5 29
1301.5 43
1302.5 26
1303.5 37
1304.5 28
1305.5 47
1306.5 29
1307.5 49
1308.5 16
1309.5 30
1310.5 43
1311.5 35
1312.5 25
1313.5 31
1314.5 44
1315.5 44
1316.5 33
1317.5 25
1318.5 41
1319.5 40
1320.5 34
1321.5 40
1322.5 38
1323.5 25
1324.5 30
1325.5 45
1326.5 48
1327.5 41
1328.5 35
1329.5 34
1330.5 32
1331.5 26
1332.5 25
1333.5 35
1334.5 36
1335.5 33
1336.5 45
1337.5 25
1338.5 40
1339.5 38
1340.5 33
1341.5 32
1342.5 23
1343.5 38
1344.5 34
1345.5 30
1346.5 40
1347.5 36
1348.5 38
1349.5 21
1350.5 35
1351.5 39
1352.5 37
1353.5 38
1354.5 23
1355.5 30
1356.5 38
1357.5 34
1358.5 32
1359.5 36
1360.5 42
1361.5 36
1362.5 39
1363.5 40
1364.5 28
1365.5 32
1366.5 29
1367.5 28
1368.5 28
1369.5 34
1370.5 40
1371.5 36
1372.5 36
1373.5 43
1374.5 28
1375.5 31
1376.5 42
1377.5 31
1378.5 33
1379.5 34
1380.5 25
1381.5 39
1382.5 31
1383.5 34
1384.5 32
1385.5 35
1386.5 26
1387.5 27
1388.5 41
1389.5 34
1390.5 32
1391.5 29
1392.5 35
1393.5 25
1394.5 33
1395.5 43
1396.5 27
1397.5 43
1398.5 35
1399.5 38
1400.5 27
1401.5 23
1402.5 35
1403.5 43
1404.5 29
1405.5 43
1406.5 33
1407.5 43
1408.5 29
1409.5 40
1410.5 27
1411.5 37
1412.5 31
1413.5 38
1414.5 33
1415.5 41
1416.5 39
1417.5 39
1418.5 40
1419.5 31
1420.5 28
1421.5 38
1422.5 33
1423.5 34
1424.5 30
1425.5 37
1426.5 44
1427.5 29
1428.5 39
1429.5 30
1430.5 36
1431.5 39
1432.5 32
1433.5 37
1434.5 29
1435.5 49
1436.5 38
1437.5 29
1438.5 31
1439.5 34
1440.5 34
1441.5 37
1442.5 24
1443.5 42
1444.5 28
1445.5 49
1446.5 31
1447.5 26
1448.5 30
1449.5 23
1450.5 38
1451.5 35
1452.5 40
1453.5 48
1454.5 35
1455.5 43
1456.5 33
1457.5 38
1458.5 28
1459.5 27
1460.5 40
1461.5 33
1462.5 33
1463.5 45
1464.5 34
1465.5 24
1466.5 35
1467.5 34
1468.5 35
1469.5 38
1470.5 34
1471.5 37
1472.5 40
1473.5 24
1474.5 36
1475.5 24
1476.5 31
1477.5 33
1478.5 29
1479.5 38
1480.5 38
1481.5 31
1482.5 28
1483.5 28
1484.5 41
1485.5 29
1486.5 36
1487.5 29
1488.5 36
1489.5 37
1490.5 34
1491.5 29
1492.5 29
1493.5 34
1494.5 33
1495.5 33
1496.5 30
1497.5 39
1498.5 31
1499.5 33
1500.5 33
1501.5 26
1502.5 33
1503.5 35
1504.5 37
1505.5 33
1506.5 31
1507.5 37
1508.5 42
1509.5 28
1510.5 27
1511.5 39
1512.5 27
1513.5 28
1514.5 25
1515.5 28
1516.5 37
1517.5 32
1518.5 24
1519.5 29
1520.5 32
1521.5 43
1522.5 26
1523.5 27
1524.5 22
1525.5 31
1526.5 36
1527.5 33
1528.5 30
1529.5 38
1530.5 31
1531.5 25
1532.5 34
1533.5 34
1534.5 41
1535.5 29
1536.5 30
1537.5 41
1538.5 25
1539.5 29
1540.5 35
1541.5 29
1542.5 37
1543.5 36
1544.5 33
1545.5 35
1546.5 43
1547.5 28
1548.5 31
1549.5 35
1550.5 34
1551.5 32
1552.5 32
1553.5 39
1554.5 29
1555.5 35
1556.5 41
1557.5 30
1558.5 25
1559.5 30
1560.5 24
1561.5 25
1562.5 39
1563.5 26
1564.5 37
1565.5 25
1566.5 26
1567.5 33
1568.5 28
1569.5 23
1570.5 25
1571.5 37
1572.5 35
1573.5 32
1574.5 38
1575.5 28
1576.5 29
1577.5 30
1578.5 31
1579.5 21
1580.5 33
1581.5 30
1582.5 34
1583.5 43
1584.5 30
1585.5 24
1586.5 33
1587.5 31
1588.5 29
1589.5 41
1590.5 25
1591.5 28
1592.5 22
1593.5 28
1594.5 24
1595.5 23
1596.5 37
1597.5 31
1598.5 32
1599.5 28
1600.5 26
1601.5 36
1602.5 23
1603.5 29
1604.5 37
1605.5 34
1606.5 26
1607.5 26
1608.5 32
1609.5 29
1610.5 28
1611.5 22
1612.5 29
1613.5 31
1614.5 24
1615.5 30
1616.5 34
1617.5 32
1618.5 26
1619.5 33
1620.5 31
1621.5 36
1622.5 38
1623.5 29
1624.5 21
1625.5 36
1626.5 35
1627.5 28
1628.5 31
1629.5 24
1630.5 33
1631.5 34
1632.5 27
1633.5 31
1634.5 27
1635.5 31
1636.5 29
1637.5 31
1638.5 41
1639.5 37
1640.5 26
1641.5 26
1642.5 32
1643.5 35
1644.5 31
1645.5 34
1646.5 26
1647.5 28
1648.5 34
1649.5 34
1650.5 30
1651.5 27
1652.5 26
1653.5 26
1654.5 29
1655.5 21
1656.5 36
1657.5 32
1658.5 32
1659.5 26
1660.5 40
1661.5 27
1662.5 30
1663.5 31
1664.5 34
1665.5 26
1666.5 36
1667.5 27
1668.5 33
1669.5 34
1670.5 38
1671.5 38
1672.5 30
1673.5 26
1674.5 27
1675.5 31
1676.5 25
1677.5 34
1678.5 31
1679.5 38
1680.5 36
1681.5 34
1682.5 28
1683.5 23
1684.5 32
1685.5 42
1686.5 29
1687.5 23
1688.5 28
1689.5 38
1690.5 33
1691.5 25
1692.5 22
1693.5 31
1694.5 31
1695.5 38
1696.5 22
1697.5 34
1698.5 38
1699.5 37
1700.5 31
1701.5 27
1702.5 29
1703.5 32
1704.5 26
1705.5 30
1706.5 23
1707.5 40
1708.5 22
1709.5 23
1710.5 23
1711.5 28
1712.5 27
1713.5 24
1714.5 37
1715.5 22
1716.5 22
1717.5 28
1718.5 26
1719.5 36
1720.5 31
1721.5 20
1722.5 42
1723.5 27
1724.5 35
1725.5 22
1726.5 42
1727.5 28
1728.5 28
1729.5 25
1730.5 31
1731.5 25
1732.5 24
1733.5 24
1734.5 24
1735.5 27
1736.5 27
1737.5 29
1738.5 21
1739.5 38
1740.5 27
1741.5 26
1742.5 17
1743.5 27
1744.5 28
1745.5 34
1746.5 24
1747.5 27
1748.5 25
1749.5 27
1750.5 29
1751.5 38
1752.5 27
1753.5 32
1754.5 32
1755.5 29
1756.5 34
1757.5 18
1758.5 26
1759.5 33
1760.5 25
1761.5 20
1762.5 30
1763.5 22
1764.5 29
1765.5 37
1766.5 29
1767.5 25
1768.5 30
1769.5 30
1770.5 23
1771.5 27
1772.5 35
1773.5 36
1774.5 25
1775.5 29
1776.5 27
1777.5 28
1778.5 25
1779.5 23
1780.5 24
1781.5 31
1782.5 27
1783.5 26
1784.5 22
1785.5 30
1786.5 29
1787.5 23
1788.5 29
1789.5 23
1790.5 33
1791.5 30
1792.5 28
1793.5 36
1794.5 30
1795.5 25
1796.5 23
1797.5 25
1798.5 20
1799.5 17
1800.5 21
1801.5 30
1802.5 32
1803.5 20
1804.5 23
1805.5 37
1806.5 36
1807.5 29
1808.5 18
1809.5 28
1810.5 29
1811.5 24
1812.5 28
1813.5 38
1814.5 38
1815.5 33
1816.5 26
1817.5 23
1818.5 25
1819.5 25
1820.5 29
1821.5 21
1822.5 18
1823.5 29
1824.5 26
1825.5 21
1826.5 21
1827.5 22
1828.5 21
1829.5 21
1830.5 18
1831.5 25
1832.5 26
1833.5 39
1834.5 30
1835.5 21
1836.5 25
1837.5 32
1838.5 27
1839.5 19
1840.5 24
1841.5 21
1842.5 29
1843.5 21
1844.5 29
1845.5 21
1846.5 21
1847.5 26
1848.5 28
1849.5 27
1850.5 26
1851.5 17
1852.5 25
1853.5 29
1854.5 26
1855.5 33
1856.5 23
1857.5 26
1858.5 31
1859.5 43
1860.5 23
1861.5 19
1862.5 27
1863.5 22
1864.5 37
1865.5 31
1866.5 32
1867.5 27
1868.5 28
1869.5 33
1870.5 20
1871.5 31
1872.5 26
1873.5 22
1874.5 23
1875.5 27
1876.5 25
1877.5 34
1878.5 25
1879.5 16
1880.5 25
1881.5 26
1882.5 26
1883.5 25
1884.5 26
1885.5 28
1886.5 29
1887.5 24
1888.5 23
1889.5 18
1890.5 30
1891.5 21
1892.5 17
1893.5 20
1894.5 19
1895.5 27
1896.5 25
1897.5 29
1898.5 26
1899.5 24
1900.5 28
1901.5 25
1902.5 28
1903.5 23
1904.5 29
1905.5 21
1906.5 36
1907.5 34
1908.5 21
1909.5 33
1910.5 27
1911.5 22
1912.5 28
1913.5 23
1914.5 21
1915.5 29
1916.5 27
1917.5 16
1918.5 27
1919.5 23
1920.5 24
1921.5 34
1922.5 23
1923.5 7
1924.5 24
1925.5 25
1926.5 13
1927.5 23
1928.5 23
1929.5 24
1930.5 25
1931.5 12
1932.5 17
1933.5 23
1934.5 23
1935.5 27
1936.5 21
1937.5 31
1938.5 29
1939.5 21
1940.5 30
1941.5 18
1942.5 22
1943.5 23
1944.5 25
1945.5 23
1946.5 19
1947.5 24
1948.5 28
1949.5 32
1950.5 24
1951.5 20
1952.5 26
1953.5 21
1954.5 34
1955.5 31
1956.5 19
1957.5 25
1958.5 23
1959.5 20
1960.5 27
1961.5 24
1962.5 28
1963.5 24
1964.5 27
1965.5 29
1966.5 23
1967.5 40
1968.5 27
1969.5 17
1970.5 32
1971.5 21
1972.5 19
1973.5 23
1974.5 23
1975.5 27
1976.5 30
1977.5 18
1978.5 27
1979.5 23
1980.5 25
1981.5 21
1982.5 18
1983.5 27
1984.5 22
1985.5 24
1986.5 19
1987.5 15
1988.5 24
1989.5 22
1990.5 28
1991.5 23
1992.5 29
1993.5 34
1994.5 25
1995.5 21
1996.5 26
1997.5 27
1998.5 26
1999.5 20
2000.5 29
2001.5 26
2002.5 20
2003.5 32
2004.5 25
2005.5 24
2006.5 33
2007.5 21
2008.5 16
2009.5 16
2010.5 30
2011.5 22
2012.5 34
2013.5 26
2014.5 29
2015.5 22
2016.5 27
2017.5 24
2018.5 18
2019.5 25
2020.5 26
2021.5 24
2022.5 17
2023.5 29
2024.5 25
2025.5 29
2026.5 18
2027.5 25
2028.5 27
2029.5 13
2030.5 21
2031.5 26
2032.5 28
2033.5 23
2034.5 23
2035.5 32
2036.5 26
2037.5 25
2038.5 21
2039.5 31
2040.5 27
2041.5 29
2042.5 33
2043.5 27
2044.5 24
2045.5 22
2046.5 24
2047.5 24
2048.5 23
2049.5 19
2050.5 26
2051.5 22
2052.5 32
2053.5 29
2054.5 25
2055.5 20
2056.5 25
2057.5 20
2058.5 19
2059.5 23
2060.5 23
2061.5 26
2062.5 33
2063.5 23
2064.5 23
2065.5 22
2066.5 29
2067.5 21
2068.5 24
2069.5 33
2070.5 25
2071.5 27
2072.5 24
2073.5 24
2074.5 22
2075.5 25
2076.5 31
2077.5 28
2078.5 20
2079.5 21
2080.5 21
2081.5 22
2082.5 26
2083.5 18
2084.5 30
2085.5 29
2086.5 19
2087.5 35
2088.5 19
2089.5 20
2090.5 23
2091.5 21
2092.5 25
2093.5 29
2094.5 18
2095.5 22
2096.5 25
2097.5 16
2098.5 23
2099.5 26
2100.5 29
2101.5 19
2102.5 34
2103.5 24
2104.5 27
2105.5 20
2106.5 22
2107.5 24
2108.5 25
2109.5 24
2110.5 17
2111.5 23
2112.5 22
2113.5 34
2114.5 21
2115.5 29
2116.5 34
2117.5 24
2118.5 24
2119.5 23
2120.5 25
2121.5 24
2122.5 21
2123.5 25
2124.5 18
2125.5 26
2126.5 28
2127.5 23
2128.5 16
2129.5 30
2130.5 15
2131.5 12
2132.5 21
2133.5 26
2134.5 18
2135.5 24
2136.5 28
2137.5 26
2138.5 19
2139.5 23
2140.5 26
2141.5 27
2142.5 18
2143.5 22
2144.5 32
2145.5 23
2146.5 21
2147.5 24
2148.5 27
2149.5 22
2150.5 24
2151.5 31
2152.5 15
2153.5 19
2154.5 21
2155.5 20
2156.5 21
2157.5 24
2158.5 25
2159.5 14
2160.5 24
2161.5 21
2162.5 19
2163.5 18
2164.5 16
2165.5 32
2166.5 24
2167.5 22
2168.5 23
2169.5 22
2170.5 18
2171.5 19
2172.5 19
2173.5 19
2174.5 17
2175.5 25
2176.5 26
2177.5 22
2178.5 24
2179.5 17
2180.5 17
2181.5 30
2182.5 18
2183.5 31
2184.5 18
2185.5 19
2186.5 24
2187.5 17
2188.5 24
2189.5 19
2190.5 21
2191.5 21
2192.5 17
2193.5 26
2194.5 14
2195.5 23
2196.5 21
2197.5 22
2198.5 19
2199.5 22
2200.5 29
2201.5 16
2202.5 16
2203.5 15
2204.5 19
2205.5 17
2206.5 17
2207.5 18
2208.5 20
2209.5 23
2210.5 18
2211.5 26
2212.5 20
2213.5 32
2214.5 18
2215.5 14
2216.5 21
2217.5 23
2218.5 20
2219.5 23
2220.5 18
2221.5 20
2222.5 22
2223.5 16
2224.5 23
2225.5 20
2226.5 20
2227.5 25
2228.5 12
2229.5 21
2230.5 22
2231.5 31
2232.5 24
2233.5 21
2234.5 18
2235.5 26
2236.5 17
2237.5 18
2238.5 19
2239.5 23
2240.5 27
2241.5 18
2242.5 26
2243.5 13
2244.5 27
2245.5 25
2246.5 15
2247.5 22
2248.5 18
2249.5 14
2250.5 21
2251.5 18
2252.5 31
2253.5 22
2254.5 27
2255.5 14
2256.5 20
2257.5 15
2258.5 14
2259.5 23
2260.5 18
2261.5 13
2262.5 20
2263.5 21
2264.5 24
2265.5 26
2266.5 21
2267.5 21
2268.5 22
2269.5 22
2270.5 16
2271.5 20
2272.5 23
2273.5 14
2274.5 16
2275.5 26
2276.5 22
2277.5 28
2278.5 27
2279.5 23
2280.5 23
2281.5 20
2282.5 24
2283.5 23
2284.5 25
2285.5 29
2286.5 22
2287.5 24
2288.5 16
2289.5 26
2290.5 24
2291.5 16
2292.5 25
2293.5 17
2294.5 22
2295.5 27
2296.5 22
2297.5 24
2298.5 24
2299.5 23
2300.5 21
2301.5 28
2302.5 16
2303.5 24
2304.5 21
2305.5 26
2306.5 27
2307.5 25
2308.5 22
2309.5 23
2310.5 24
2311.5 26
2312.5 27
2313.5 28
2314.5 19
2315.5 26
2316.5 23
2317.5 22
2318.5 30
2319.5 25
2320.5 18
2321.5 29
2322.5 30
2323.5 19
2324.5 29
2325.5 31
2326.5 23
2327.5 26
2328.5 18
2329.5 22
2330.5 24
2331.5 17
2332.5 30
2333.5 30
2334.5 24
2335.5 24
2336.5 26
2337.5 26
2338.5 20
2339.5 24
2340.5 29
2341.5 18
2342.5 20
2343.5 24
2344.5 12
2345.5 25
2346.5 22
2347.5 16
2348.5 17
2349.5 19
2350.5 20
2351.5 18
2352.5 23
2353.5 27
2354.5 24
2355.5 16
2356.5 13
2357.5 22
2358.5 36
2359.5 22
2360.5 21
2361.5 25
2362.5 19
2363.5 23
2364.5 20
2365.5 17
2366.5 27
2367.5 14
2368.5 21
2369.5 27
2370.5 15
2371.5 27
2372.5 19
2373.5 16
2374.5 20
2375.5 24
2376.5 22
2377.5 20
2378.5 19
2379.5 24
2380.5 23
2381.5 26
2382.5 21
2383.5 19
2384.5 18
2385.5 24
2386.5 12
2387.5 26
2388.5 24
2389.5 21
2390.5 23
2391.5 26
2392.5 22
2393.5 15
2394.5 22
2395.5 22
2396.5 20
2397.5 17
2398.5 20
2399.5 30
2400.5 25
2401.5 18
2402.5 21
2403.5 23
2404.5 16
2405.5 24
2406.5 27
2407.5 22
2408.5 20
2409.5 20
2410.5 17
2411.5 20
2412.5 31
2413.5 29
2414.5 25
2415.5 19
2416.5 21
2417.5 17
2418.5 17
2419.5 16
2420.5 24
2421.5 20
2422.5 18
2423.5 19
2424.5 17
2425.5 16
2426.5 21
2427.5 22
2428.5 16
2429.5 24
2430.5 17
2431.5 20
2432.5 18
2433.5 22
2434.5 16
2435.5 23
2436.5 22
2437.5 12
2438.5 8
2439.5 16
2440.5 26
2441.5 26
2442.5 25
2443.5 21
2444.5 17
2445.5 18
2446.5 12
2447.5 21
2448.5 17
2449.5 14
2450.5 25
2451.5 26
2452.5 13
2453.5 17
2454.5 30
2455.5 22
2456.5 21
2457.5 18
2458.5 19
2459.5 16
2460.5 25
2461.5 19
2462.5 21
2463.5 16
2464.5 17
2465.5 15
2466.5 15
2467.5 16
2468.5 24
2469.5 17
2470.5 15
2471.5 19
2472.5 24
2473.5 24
2474.5 19
2475.5 14
2476.5 20
2477.5 19
2478.5 23
2479.5 19
2480.5 11
2481.5 21
2482.5 15
2483.5 15
2484.5 22
2485.5 12
2486.5 11
2487.5 21
2488.5 16
2489.5 14
2490.5 20
2491.5 18
2492.5 16
2493.5 14
2494.5 20
2495.5 15
2496.5 24
2497.5 20
2498.5 17
2499.5 12
2500.5 17
2501.5 16
2502.5 13
2503.5 25
2504.5 16
2505.5 22
2506.5 14
2507.5 12
2508.5 15
2509.5 19
2510.5 19
2511.5 16
2512.5 18
2513.5 15
2514.5 13
2515.5 20
2516.5 25
2517.5 13
2518.5 21
2519.5 13
2520.5 21
2521.5 18
2522.5 15
2523.5 21
2524.5 20
2525.5 17
2526.5 20
2527.5 16
2528.5 13
2529.5 22
2530.5 13
2531.5 12
2532.5 15
2533.5 16
2534.5 23
2535.5 19
2536.5 22
2537.5 19
2538.5 14
2539.5 17
2540.5 21
2541.5 14
2542.5 21
2543.5 20
2544.5 21
2545.5 17
2546.5 14
2547.5 15
2548.5 14
2549.5 16
2550.5 16
2551.5 14
2552.5 17
2553.5 18
2554.5 16
2555.5 11
2556.5 17
2557.5 26
2558.5 19
2559.5 16
2560.5 21
2561.5 12
2562.5 13
2563.5 17
2564.5 17
2565.5 16
2566.5 14
2567.5 14
2568.5 14
2569.5 18
2570.5 17
2571.5 16
2572.5 16
2573.5 12
2574.5 17
2575.5 17
2576.5 15
2577.5 18
2578.5 21
2579.5 16
2580.5 19
2581.5 13
2582.5 13
2583.5 22
2584.5 18
2585.5 9
2586.5 13
2587.5 20
2588.5 17
2589.5 20
2590.5 24
2591.5 23
2592.5 14
2593.5 18
2594.5 20
2595.5 20
2596.5 10
2597.5 12
2598.5 22
2599.5 25
2600.5 26
2601.5 18
2602.5 23
2603.5 19
2604.5 21
2605.5 18
2606.5 19
2607.5 24
2608.5 19
2609.5 19
2610.5 22
2611.5 12
2612.5 25
2613.5 14
2614.5 19
2615.5 14
2616.5 19
2617.5 15
2618.5 26
2619.5 13
2620.5 16
2621.5 14
2622.5 20
2623.5 13
2624.5 16
2625.5 15
2626.5 13
2627.5 13
2628.5 15
2629.5 23
2630.5 17
2631.5 18
2632.5 19
2633.5 12
2634.5 18
2635.5 18
2636.5 13
2637.5 15
2638.5 17
2639.5 24
2640.5 19
2641.5 17
2642.5 26
2643.5 17
2644.5 10
2645.5 17
2646.5 17
2647.5 14
2648.5 13
2649.5 21
2650.5 22
2651.5 18
2652.5 13
2653.5 17
2654.5 13
2655.5 13
2656.5 13
2657.5 16
2658.5 11
2659.5 14
2660.5 24
2661.5 13
2662.5 16
2663.5 19
2664.5 9
2665.5 12
2666.5 17
2667.5 13
2668.5 10
2669.5 21
2670.5 21
2671.5 21
2672.5 24
2673.5 15
2674.5 14
2675.5 25
2676.5 16
2677.5 28
2678.5 21
2679.5 23
2680.5 10
2681.5 14
2682.5 17
2683.5 19
2684.5 22
2685.5 16
2686.5 20
2687.5 12
2688.5 19
2689.5 11
2690.5 9
2691.5 15
2692.5 14
2693.5 9
2694.5 19
2695.5 20
2696.5 17
2697.5 21
2698.5 22
2699.5 15
2700.5 15
2701.5 10
2702.5 12
2703.5 20
2704.5 17
2705.5 20
2706.5 11
2707.5 20
2708.5 15
2709.5 17
2710.5 24
2711.5 22
2712.5 13
2713.5 15
2714.5 21
2715.5 17
2716.5 13
2717.5 22
2718.5 9
2719.5 15
2720.5 15
2721.5 17
2722.5 17
2723.5 13
2724.5 24
2725.5 12
2726.5 17
2727.5 18
2728.5 27
2729.5 17
2730.5 15
2731.5 20
2732.5 26
2733.5 16
2734.5 12
2735.5 20
2736.5 12
2737.5 16
2738.5 18
2739.5 21
2740.5 26
2741.5 17
2742.5 26
2743.5 9
2744.5 25
2745.5 19
2746.5 11
2747.5 21
2748.5 21
2749.5 17
2750.5 20
2751.5 21
2752.5 22
2753.5 12
2754.5 18
2755.5 14
2756.5 10
2757.5 18
2758.5 11
2759.5 20
2760.5 10
2761.5 19
2762.5 13
2763.5 11
2764.5 17
2765.5 23
2766.5 15
2767.5 14
2768.5 29
2769.5 15
2770.5 18
2771.5 14
2772.5 21
2773.5 18
2774.5 19
2775.5 22
2776.5 16
2777.5 29
2778.5 12
2779.5 15
2780.5 16
2781.5 20
2782.5 17
2783.5 20
2784.5 19
2785.5 20
2786.5 21
2787.5 19
2788.5 21
2789.5 14
2790.5 17
2791.5 25
2792.5 17
2793.5 9
2794.5 28
2795.5 26
2796.5 15
2797.5 18
2798.5 19
2799.5 29
2800.5 19
2801.5 20
2802.5 19
2803.5 16
2804.5 24
2805.5 22
2806.5 18
2807.5 19
2808.5 23
2809.5 18
2810.5 15
2811.5 12
2812.5 15
2813.5 17
2814.5 18
2815.5 10
2816.5 15
2817.5 14
2818.5 19
2819.5 18
2820.5 18
2821.5 25
2822.5 14
2823.5 13
2824.5 17
2825.5 15
2826.5 17
2827.5 17
2828.5 22
2829.5 21
2830.5 17
2831.5 18
2832.5 22
2833.5 15
2834.5 18
2835.5 25
2836.5 21
2837.5 22
2838.5 19
2839.5 13
2840.5 24
2841.5 18
2842.5 30
2843.5 13
2844.5 18
2845.5 24
2846.5 24
2847.5 17
2848.5 15
2849.5 19
2850.5 17
2851.5 19
2852.5 22
2853.5 20
2854.5 22
2855.5 12
2856.5 16
2857.5 13
2858.5 24
2859.5 18
2860.5 13
2861.5 15
2862.5 18
2863.5 22
2864.5 16
2865.5 13
2866.5 14
2867.5 13
2868.5 13
2869.5 17
2870.5 11
2871.5 21
2872.5 16
2873.5 19
2874.5 15
2875.5 16
2876.5 15
2877.5 17
2878.5 20
2879.5 16
2880.5 18
2881.5 17
2882.5 19
2883.5 15
2884.5 16
2885.5 17
2886.5 17
2887.5 21
2888.5 21
2889.5 15
2890.5 17
2891.5 13
2892.5 26
2893.5 21
2894.5 11
2895.5 24
2896.5 13
2897.5 14
2898.5 10
2899.5 19
2900.5 8
2901.5 25
2902.5 24
2903.5 20
2904.5 16
2905.5 11
2906.5 13
2907.5 17
2908.5 18
2909.5 12
2910.5 21
2911.5 16
2912.5 16
2913.5 21
2914.5 19
2915.5 15
2916.5 13
2917.5 23
2918.5 9
2919.5 19
2920.5 19
2921.5 18
2922.5 15
2923.5 19
2924.5 21
2925.5 16
2926.5 19
2927.5 14
2928.5 16
2929.5 12
2930.5 16
2931.5 16
2932.5 13
2933.5 14
2934.5 17
2935.5 12
2936.5 19
2937.5 13
2938.5 15
2939.5 14
2940.5 18
2941.5 14
2942.5 13
2943.5 18
2944.5 24
2945.5 21
2946.5 10
2947.5 17
2948.5 19
2949.5 20
2950.5 15
2951.5 17
2952.5 8
2953.5 16
2954.5 18
2955.5 10
2956.5 21
2957.5 26
2958.5 15
2959.5 21
2960.5 18
2961.5 26
2962.5 15
2963.5 16
2964.5 18
2965.5 15
2966.5 24
2967.5 19
2968.5 16
2969.5 17
2970.5 14
2971.5 15
2972.5 10
2973.5 17
2974.5 13
2975.5 12
2976.5 11
2977.5 13
2978.5 24
2979.5 13
2980.5 14
2981.5 9
2982.5 15
2983.5 28
2984.5 17
2985.5 17
2986.5 14
2987.5 21
2988.5 19
2989.5 13
2990.5 20
2991.5 19
2992.5 14
2993.5 13
2994.5 15
2995.5 9
2996.5 26
2997.5 21
2998.5 13
2999.5 18
3000.5 16
3001.5 16
3002.5 17
3003.5 13
3004.5 17
3005.5 13
3006.5 15
3007.5 14
3008.5 11
3009.5 8
3010.5 11
3011.5 16
3012.5 13
3013.5 24
3014.5 19
3015.5 17
3016.5 11
3017.5 14
3018.5 17
3019.5 15
3020.5 15
3021.5 10
3022.5 14
3023.5 16
3024.5 27
3025.5 14
3026.5 22
3027.5 18
3028.5 17
3029.5 28
3030.5 15
3031.5 13
3032.5 20
3033.5 13
3034.5 10
3035.5 19
3036.5 21
3037.5 14
3038.5 5
3039.5 16
3040.5 15
3041.5 13
3042.5 16
3043.5 14
3044.5 14
3045.5 20
3046.5 16
3047.5 17
3048.5 7
3049.5 18
3050.5 16
3051.5 15
3052.5 13
3053.5 18
3054.5 12
3055.5 16
3056.5 14
3057.5 15
3058.5 14
3059.5 20
3060.5 13
3061.5 13
3062.5 14
3063.5 14
3064.5 19
3065.5 21
3066.5 14
3067.5 27
3068.5 19
3069.5 12
3070.5 8
3071.5 14
3072.5 16
3073.5 20
3074.5 19
3075.5 9
3076.5 14
3077.5 16
3078.5 10
3079.5 14
3080.5 10
3081.5 17
3082.5 21
3083.5 17
3084.5 17
3085.5 15
3086.5 15
3087.5 22
3088.5 16
3089.5 19
3090.5 15
3091.5 15
3092.5 15
3093.5 17
3094.5 19
3095.5 13
3096.5 14
3097.5 13
3098.5 11
3099.5 13
3100.5 11
3101.5 12
3102.5 14
3103.5 18
3104.5 15
3105.5 16
3106.5 20
3107.5 20
3108.5 21
3109.5 18
3110.5 13
3111.5 20
3112.5 27
3113.5 19
3114.5 16
3115.5 14
3116.5 20
3117.5 10
3118.5 18
3119.5 25
3120.5 8
3121.5 22
3122.5 12
3123.5 14
3124.5 26
3125.5 19
3126.5 24
3127.5 14
3128.5 14
3129.5 14
3130.5 11
3131.5 14
3132.5 23
3133.5 21
3134.5 19
3135.5 20
3136.5 15
3137.5 17
3138.5 17
3139.5 20
3140.5 18
3141.5 14
3142.5 9
3143.5 12
3144.5 13
3145.5 12
3146.5 20
3147.5 11
3148.5 13
3149.5 20
3150.5 17
3151.5 17
3152.5 15
3153.5 16
3154.5 19
3155.5 14
3156.5 19
3157.5 14
3158.5 15
3159.5 12
3160.5 15
3161.5 23
3162.5 24
3163.5 8
3164.5 16
3165.5 20
3166.5 14
3167.5 14
3168.5 15
3169.5 18
3170.5 17
3171.5 10
3172.5 19
3173.5 17
3174.5 17
3175.5 18
3176.5 11
3177.5 15
3178.5 9
3179.5 13
3180.5 15
3181.5 12
3182.5 14
3183.5 21
3184.5 16
3185.5 21
3186.5 10
3187.5 16
3188.5 15
3189.5 13
3190.5 22
3191.5 22
3192.5 22
3193.5 16
3194.5 13
3195.5 23
3196.5 16
3197.5 16
3198.5 13
3199.5 17
3200.5 13
3201.5 16
3202.5 22
3203.5 16
3204.5 13
3205.5 22
3206.5 19
3207.5 16
3208.5 13
3209.5 13
3210.5 14
3211.5 19
3212.5 18
3213.5 22
3214.5 20
3215.5 14
3216.5 14
3217.5 17
3218.5 23
3219.5 18
3220.5 15
3221.5 24
3222.5 16
3223.5 18
3224.5 24
3225.5 11
3226.5 20
3227.5 17
3228.5 22
3229.5 18
3230.5 21
3231.5 15
3232.5 22
3233.5 19
3234.5 10
3235.5 20
3236.5 24
3237.5 14
3238.5 20
3239.5 19
3240.5 20
3241.5 16
3242.5 19
3243.5 17
3244.5 24
3245.5 25
3246.5 22
3247.5 12
3248.5 17
3249.5 17
3250.5 20
3251.5 18
3252.5 22
3253.5 30
3254.5 12
3255.5 22
3256.5 23
3257.5 15
3258.5 22
3259.5 22
3260.5 20
3261.5 18
3262.5 19
3263.5 17
3264.5 19
3265.5 15
3266.5 23
3267.5 21
3268.5 23
3269.5 11
3270.5 9
3271.5 13
3272.5 18
3273.5 17
3274.5 16
3275.5 22
3276.5 25
3277.5 12
3278.5 26
3279.5 17
3280.5 22
3281.5 15
3282.5 15
3283.5 14
3284.5 9
3285.5 14
3286.5 15
3287.5 26
3288.5 17
3289.5 28
3290.5 15
3291.5 26
3292.5 24
3293.5 17
3294.5 26
3295.5 15
3296.5 20
3297.5 18
3298.5 21
3299.5 21
3300.5 11
3301.5 20
3302.5 19
3303.5 25
3304.5 21
3305.5 15
3306.5 18
3307.5 17
3308.5 15
3309.5 19
3310.5 25
3311.5 19
3312.5 19
3313.5 22
3314.5 17
3315.5 12
3316.5 18
3317.5 22
3318.5 22
3319.5 11
3320.5 13
3321.5 17
3322.5 19
3323.5 17
3324.5 14
3325.5 23
3326.5 11
3327.5 12
3328.5 25
3329.5 18
3330.5 25
3331.5 11
3332.5 19
3333.5 15
3334.5 26
3335.5 12
3336.5 15
3337.5 23
3338.5 20
3339.5 11
3340.5 19
3341.5 17
3342.5 15
3343.5 16
3344.5 22
3345.5 15
3346.5 14
3347.5 15
3348.5 21
3349.5 20
3350.5 13
3351.5 15
3352.5 15
3353.5 20
3354.5 25
3355.5 17
3356.5 19
3357.5 16
3358.5 16
3359.5 24
3360.5 18
3361.5 15
3362.5 17
3363.5 14
3364.5 17
3365.5 25
3366.5 22
3367.5 21
3368.5 13
3369.5 18
3370.5 12
3371.5 24
3372.5 16
3373.5 20
3374.5 16
3375.5 21
3376.5 17
3377.5 14
3378.5 25
3379.5 17
3380.5 21
3381.5 15
3382.5 18
3383.5 20
3384.5 23
3385.5 22
3386.5 19
3387.5 13
3388.5 13
3389.5 17
3390.5 16
3391.5 14
3392.5 20
3393.5 23
3394.5 22
3395.5 22
3396.5 13
3397.5 21
3398.5 22
3399.5 22
3400.5 23
3401.5 23
3402.5 22
3403.5 18
3404.5 22
3405.5 12
3406.5 25
3407.5 15
3408.5 13
3409.5 31
3410.5 9
3411.5 25
3412.5 17
3413.5 14
3414.5 19
3415.5 10
3416.5 19
3417.5 27
3418.5 23
3419.5 23
3420.5 21
3421.5 28
3422.5 20
3423.5 24
3424.5 25
3425.5 12
3426.5 25
3427.5 17
3428.5 23
3429.5 14
3430.5 17
3431.5 17
3432.5 22
3433.5 17
3434.5 26
3435.5 19
3436.5 20
3437.5 15
3438.5 22
3439.5 19
3440.5 22
3441.5 20
3442.5 24
3443.5 22
3444.5 18
3445.5 20
3446.5 23
3447.5 18
3448.5 20
3449.5 19
3450.5 21
3451.5 16
3452.5 18
3453.5 21
3454.5 18
3455.5 18
3456.5 17
3457.5 13
3458.5 14
3459.5 17
3460.5 19
3461.5 18
3462.5 18
3463.5 23
3464.5 19
3465.5 23
3466.5 23
3467.5 7
3468.5 21
3469.5 18
3470.5 16
3471.5 31
3472.5 19
3473.5 26
3474.5 24
3475.5 21
3476.5 21
3477.5 33
3478.5 16
3479.5 14
3480.5 14
3481.5 32
3482.5 19
3483.5 20
3484.5 16
3485.5 16
3486.5 27
3487.5 27
3488.5 26
3489.5 23
3490.5 18
3491.5 21
3492.5 18
3493.5 15
3494.5 23
3495.5 21
3496.5 12
3497.5 24
3498.5 26
3499.5 22
3500.5 16
3501.5 22
3502.5 24
3503.5 17
3504.5 12
3505.5 21
3506.5 24
3507.5 24
3508.5 27
3509.5 21
3510.5 17
3511.5 32
3512.5 18
3513.5 24
3514.5 23
3515.5 11
3516.5 25
3517.5 26
3518.5 39
3519.5 22
3520.5 22
3521.5 17
3522.5 26
3523.5 23
3524.5 20
3525.5 33
3526.5 18
3527.5 31
3528.5 17
3529.5 28
3530.5 19
3531.5 19
3532.5 29
3533.5 26
3534.5 22
3535.5 25
3536.5 22
3537.5 23
3538.5 21
3539.5 19
3540.5 13
3541.5 16
3542.5 20
3543.5 24
3544.5 17
3545.5 21
3546.5 25
3547.5 29
3548.5 25
3549.5 25
3550.5 33
3551.5 24
3552.5 22
3553.5 22
3554.5 17
3555.5 23
3556.5 27
3557.5 32
3558.5 20
3559.5 16
3560.5 20
3561.5 23
3562.5 15
3563.5 28
3564.5 23
3565.5 19
3566.5 22
3567.5 21
3568.5 25
3569.5 25
3570.5 17
3571.5 22
3572.5 23
3573.5 14
3574.5 18
3575.5 19
3576.5 39
3577.5 18
3578.5 21
3579.5 21
3580.5 17
3581.5 21
3582.5 14
3583.5 22
3584.5 19
3585.5 15
3586.5 20
3587.5 16
3588.5 21
3589.5 22
3590.5 18
3591.5 25
3592.5 24
3593.5 15
3594.5 19
3595.5 36
3596.5 18
3597.5 25
3598.5 16
3599.5 20
3600.5 19
3601.5 17
3602.5 20
3603.5 22
3604.5 26
3605.5 17
3606.5 19
3607.5 26
3608.5 11
3609.5 26
3610.5 31
3611.5 22
3612.5 37
3613.5 27
3614.5 29
3615.5 17
3616.5 16
3617.5 26
3618.5 22
3619.5 17
3620.5 21
3621.5 26
3622.5 28
3623.5 20
3624.5 22
3625.5 25
3626.5 25
3627.5 25
3628.5 29
3629.5 18
3630.5 19
3631.5 20
3632.5 16
3633.5 22
3634.5 30
3635.5 21
3636.5 22
3637.5 27
3638.5 23
3639.5 18
3640.5 17
3641.5 33
3642.5 20
3643.5 22
3644.5 22
3645.5 21
3646.5 20
3647.5 26
3648.5 20
3649.5 23
3650.5 14
3651.5 21
3652.5 20
3653.5 30
3654.5 26
3655.5 18
3656.5 25
3657.5 30
3658.5 18
3659.5 32
3660.5 22
3661.5 14
3662.5 14
3663.5 20
3664.5 20
3665.5 19
3666.5 24
3667.5 23
3668.5 23
3669.5 26
3670.5 16
3671.5 21
3672.5 18
3673.5 30
3674.5 26
3675.5 19
3676.5 24
3677.5 21
3678.5 12
3679.5 26
3680.5 31
3681.5 11
3682.5 19
3683.5 23
3684.5 23
3685.5 15
3686.5 23
3687.5 18
3688.5 19
3689.5 29
3690.5 16
3691.5 18
3692.5 19
3693.5 23
3694.5 19
3695.5 20
3696.5 21
3697.5 24
3698.5 22
3699.5 12
3700.5 17
3701.5 19
3702.5 19
3703.5 26
3704.5 14
3705.5 17
3706.5 31
3707.5 19
3708.5 23
3709.5 20
3710.5 17
3711.5 19
3712.5 23
3713.5 19
3714.5 14
3715.5 23
3716.5 18
3717.5 25
3718.5 24
3719.5 19
3720.5 16
3721.5 25
3722.5 16
3723.5 19
3724.5 27
3725.5 32
3726.5 20
3727.5 20
3728.5 24
3729.5 16
3730.5 18
3731.5 17
3732.5 23
3733.5 28
3734.5 22
3735.5 25
3736.5 18
3737.5 19
3738.5 16
3739.5 22
3740.5 33
3741.5 18
3742.5 21
3743.5 22
3744.5 14
3745.5 17
3746.5 22
3747.5 17
3748.5 16
3749.5 22
3750.5 24
3751.5 29
3752.5 15
3753.5 28
3754.5 23
3755.5 20
3756.5 26
3757.5 14
3758.5 19
3759.5 20
3760.5 20
3761.5 13
3762.5 20
3763.5 26
3764.5 18
3765.5 17
3766.5 20
3767.5 25
3768.5 16
3769.5 16
3770.5 24
3771.5 20
3772.5 25
3773.5 27
3774.5 27
3775.5 20
3776.5 27
3777.5 25
3778.5 26
3779.5 24
3780.5 28
3781.5 26
3782.5 13
3783.5 28
3784.5 28
3785.5 23
3786.5 18
3787.5 22
3788.5 27
3789.5 27
3790.5 27
3791.5 19
3792.5 13
3793.5 17
3794.5 27
3795.5 20
3796.5 24
3797.5 17
3798.5 26
3799.5 11
3800.5 25
3801.5 17
3802.5 22
3803.5 16
3804.5 34
3805.5 17
3806.5 24
3807.5 17
3808.5 26
3809.5 24
3810.5 19
3811.5 27
3812.5 23
3813.5 23
3814.5 24
3815.5 22
3816.5 26
3817.5 21
3818.5 23
3819.5 20
3820.5 22
3821.5 25
3822.5 19
3823.5 19
3824.5 20
3825.5 23
3826.5 20
3827.5 26
3828.5 32
3829.5 20
3830.5 19
3831.5 19
3832.5 22
3833.5 20
3834.5 21
3835.5 22
3836.5 24
3837.5 22
3838.5 22
3839.5 21
3840.5 21
3841.5 20
3842.5 22
3843.5 19
3844.5 20
3845.5 22
3846.5 25
3847.5 22
3848.5 29
3849.5 18
3850.5 16
3851.5 14
3852.5 31
3853.5 21
3854.5 25
3855.5 14
3856.5 18
3857.5 23
3858.5 21
3859.5 18
3860.5 22
3861.5 22
3862.5 15
3863.5 17
3864.5 28
3865.5 24
3866.5 22
3867.5 24
3868.5 9
3869.5 27
3870.5 17
3871.5 27
3872.5 27
3873.5 24
3874.5 26
3875.5 27
3876.5 27
3877.5 26
3878.5 27
3879.5 31
3880.5 22
3881.5 16
3882.5 18
3883.5 22
3884.5 21
3885.5 26
3886.5 21
3887.5 24
3888.5 23
3889.5 27
3890.5 21
3891.5 17
3892.5 17
3893.5 16
3894.5 21
3895.5 20
3896.5 22
3897.5 20
3898.5 26
3899.5 23
3900.5 18
3901.5 18
3902.5 27
3903.5 23
3904.5 22
3905.5 16
3906.5 17
3907.5 20
3908.5 37
3909.5 21
3910.5 28
3911.5 25
3912.5 22
3913.5 23
3914.5 21
3915.5 25
3916.5 17
3917.5 29
3918.5 24
3919.5 24
3920.5 21
3921.5 27
3922.5 17
3923.5 19
3924.5 22
3925.5 28
3926.5 29
3927.5 26
3928.5 20
3929.5 16
3930.5 18
3931.5 35
3932.5 19
3933.5 28
3934.5 25
3935.5 31
3936.5 21
3937.5 34
3938.5 31
3939.5 16
3940.5 22
3941.5 19
3942.5 20
3943.5 23
3944.5 27
3945.5 23
3946.5 17
3947.5 19
3948.5 22
3949.5 33
3950.5 16
3951.5 23
3952.5 24
3953.5 27
3954.5 21
3955.5 25
3956.5 31
3957.5 32
3958.5 27
3959.5 21
3960.5 17
3961.5 28
3962.5 35
3963.5 25
3964.5 20
3965.5 23
3966.5 22
3967.5 20
3968.5 28
3969.5 23
3970.5 25
3971.5 27
3972.5 29
3973.5 16
3974.5 23
3975.5 34
3976.5 24
3977.5 21
3978.5 23
3979.5 17
3980.5 32
3981.5 26
3982.5 19
3983.5 30
3984.5 23
3985.5 30
3986.5 24
3987.5 36
3988.5 21
3989.5 21
3990.5 27
3991.5 16
3992.5 23
3993.5 24
3994.5 30
3995.5 27
3996.5 28
3997.5 34
3998.5 23
3999.5 29
4000.5 23
4001.5 17
4002.5 19
4003.5 30
4004.5 21
4005.5 34
4006.5 21
4007.5 32
4008.5 22
4009.5 30
4010.5 20
4011.5 21
4012.5 21
4013.5 22
4014.5 26
4015.5 39
4016.5 26
4017.5 30
4018.5 24
4019.5 16
4020.5 34
4021.5 28
4022.5 24
4023.5 30
4024.5 25
4025.5 30
4026.5 25
4027.5 22
4028.5 31
4029.5 20
4030.5 25
4031.5 25
4032.5 25
4033.5 34
4034.5 23
4035.5 36
4036.5 24
4037.5 29
4038.5 29
4039.5 22
4040.5 35
4041.5 25
4042.5 27
4043.5 30
4044.5 29
4045.5 25
4046.5 24
4047.5 27
4048.5 23
4049.5 18
4050.5 16
4051.5 33
4052.5 23
4053.5 29
4054.5 28
4055.5 19
4056.5 21
4057.5 19
4058.5 30
4059.5 35
4060.5 24
4061.5 27
4062.5 25
4063.5 21
4064.5 24
4065.5 26
4066.5 34
4067.5 24
4068.5 31
4069.5 20
4070.5 32
4071.5 24
4072.5 22
4073.5 30
4074.5 26
4075.5 22
4076.5 30
4077.5 34
4078.5 27
4079.5 34
4080.5 31
4081.5 27
4082.5 35
4083.5 23
4084.5 24
4085.5 19
4086.5 16
4087.5 29
4088.5 22
4089.5 22
4090.5 37
4091.5 26
4092.5 21
4093.5 24
4094.5 27
4095.5 27
4096.5 24
4097.5 29
4098.5 28
4099.5 26
4100.5 26
4101.5 30
4102.5 27
4103.5 19
4104.5 10
4105.5 24
4106.5 27
4107.5 25
4108.5 23
4109.5 30
4110.5 18
4111.5 35
4112.5 23
4113.5 27
4114.5 24
4115.5 25
4116.5 23
4117.5 28
4118.5 28
4119.5 24
4120.5 28
4121.5 23
4122.5 31
4123.5 28
4124.5 18
4125.5 24
4126.5 27
4127.5 21
4128.5 15
4129.5 36
4130.5 26
4131.5 27
4132.5 19
4133.5 19
4134.5 24
4135.5 22
4136.5 29
4137.5 30
4138.5 14
4139.5 22
4140.5 25
4141.5 29
4142.5 25
4143.5 25
4144.5 17
4145.5 27
4146.5 27
4147.5 28
4148.5 22
4149.5 21
4150.5 19
4151.5 25
4152.5 31
4153.5 30
4154.5 30
4155.5 25
4156.5 11
4157.5 29
4158.5 27
4159.5 24
4160.5 19
4161.5 20
4162.5 25
4163.5 22
4164.5 28
4165.5 21
4166.5 29
4167.5 23
4168.5 26
4169.5 28
4170.5 25
4171.5 35
4172.5 23
4173.5 24
4174.5 31
4175.5 20
4176.5 21
4177.5 23
4178.5 14
4179.5 17
4180.5 26
4181.5 26
4182.5 22
4183.5 20
4184.5 19
4185.5 22
4186.5 23
4187.5 27
4188.5 26
4189.5 23
4190.5 27
4191.5 21
4192.5 24
4193.5 26
4194.5 17
4195.5 29
4196.5 21
4197.5 27
4198.5 23
4199.5 35
4200.5 20
4201.5 23
4202.5 30
4203.5 31
4204.5 22
4205.5 26
4206.5 20
4207.5 32
4208.5 27
4209.5 24
4210.5 25
4211.5 25
4212.5 14
4213.5 25
4214.5 13
4215.5 24
4216.5 22
4217.5 23
4218.5 30
4219.5 19
4220.5 28
4221.5 28
4222.5 23
4223.5 19
4224.5 27
4225.5 28
4226.5 32
4227.5 29
4228.5 24
4229.5 17
4230.5 20
4231.5 25
4232.5 26
4233.5 28
4234.5 25
4235.5 29
4236.5 25
4237.5 25
4238.5 24
4239.5 23
4240.5 27
4241.5 21
4242.5 27
4243.5 29
4244.5 23
4245.5 38
4246.5 32
4247.5 31
4248.5 19
4249.5 19
4250.5 22
4251.5 27
4252.5 24
4253.5 24
4254.5 33
4255.5 25
4256.5 28
4257.5 21
4258.5 20
4259.5 27
4260.5 27
4261.5 16
4262.5 18
4263.5 18
4264.5 26
4265.5 23
4266.5 21
4267.5 26
4268.5 31
4269.5 15
4270.5 21
4271.5 19
4272.5 24
4273.5 15
4274.5 23
4275.5 18
4276.5 23
4277.5 34
4278.5 26
4279.5 24
4280.5 21
4281.5 24
4282.5 25
4283.5 20
4284.5 18
4285.5 40
4286.5 25
4287.5 22
4288.5 16
4289.5 21
4290.5 27
4291.5 18
4292.5 22
4293.5 21
4294.5 18
4295.5 18
4296.5 26
4297.5 25
4298.5 18
4299.5 27
4300.5 15
4301.5 28
4302.5 21
4303.5 27
4304.5 20
4305.5 17
4306.5 23
4307.5 21
4308.5 23
4309.5 25
4310.5 24
4311.5 26
4312.5 29
4313.5 31
4314.5 22
4315.5 29
4316.5 26
4317.5 18
4318.5 20
4319.5 29
4320.5 22
4321.5 25
4322.5 22
4323.5 18
4324.5 23
4325.5 17
4326.5 19
4327.5 22
4328.5 19
4329.5 32
4330.5 24
4331.5 22
4332.5 22
4333.5 20
4334.5 25
4335.5 23
4336.5 18
4337.5 23
4338.5 28
4339.5 20
4340.5 29
4341.5 25
4342.5 19
4343.5 20
4344.5 17
4345.5 26
4346.5 24
4347.5 21
4348.5 23
4349.5 23
4350.5 18
4351.5 20
4352.5 21
4353.5 24
4354.5 20
4355.5 28
4356.5 28
4357.5 19
4358.5 23
4359.5 21
4360.5 29
4361.5 24
4362.5 27
4363.5 16
4364.5 16
4365.5 17
4366.5 23
4367.5 25
4368.5 30
4369.5 21
4370.5 28
4371.5 36
4372.5 33
4373.5 23
4374.5 23
4375.5 19
4376.5 17
4377.5 27
4378.5 22
4379.5 20
4380.5 31
4381.5 23
4382.5 20
4383.5 18
4384.5 25
4385.5 17
4386.5 21
4387.5 17
4388.5 31
4389.5 18
4390.5 25
4391.5 18
4392.5 20
4393.5 21
4394.5 19
4395.5 25
4396.5 28
4397.5 27
4398.5 16
4399.5 22
4400.5 20
4401.5 19
4402.5 23
4403.5 20
4404.5 20
4405.5 14
4406.5 25
4407.5 20
4408.5 28
4409.5 18
4410.5 32
4411.5 15
4412.5 20
4413.5 21
4414.5 25
4415.5 22
4416.5 24
4417.5 24
4418.5 17
4419.5 34
4420.5 22
4421.5 12
4422.5 27
4423.5 20
4424.5 16
4425.5 20
4426.5 19
4427.5 18
4428.5 28
4429.5 19
4430.5 20
4431.5 30
4432.5 24
4433.5 17
4434.5 25
4435.5 26
4436.5 26
4437.5 22
4438.5 23
4439.5 25
4440.5 20
4441.5 27
4442.5 21
4443.5 22
4444.5 19
4445.5 25
4446.5 20
4447.5 22
4448.5 19
4449.5 17
4450.5 23
4451.5 16
4452.5 26
4453.5 20
4454.5 24
4455.5 24
4456.5 23
4457.5 20
4458.5 27
4459.5 15
4460.5 29
4461.5 27
4462.5 27
4463.5 23
4464.5 27
4465.5 19
4466.5 24
4467.5 14
4468.5 28
4469.5 28
4470.5 25
4471.5 23
4472.5 29
4473.5 25
4474.5 22
4475.5 30
4476.5 24
4477.5 21
4478.5 19
4479.5 18
4480.5 24
4481.5 17
4482.5 22
4483.5 18
4484.5 15
4485.5 23
4486.5 36
4487.5 21
4488.5 25
4489.5 28
4490.5 28
4491.5 30
4492.5 21
4493.5 25
4494.5 22
4495.5 23
4496.5 31
4497.5 30
4498.5 26
4499.5 25
4500.5 22
4501.5 29
4502.5 22
4503.5 23
4504.5 21
4505.5 15
4506.5 18
4507.5 21
4508.5 21
4509.5 19
4510.5 24
4511.5 28
4512.5 23
4513.5 34
4514.5 22
4515.5 28
4516.5 25
4517.5 26
4518.5 21
4519.5 20
4520.5 25
4521.5 25
4522.5 22
4523.5 29
4524.5 24
4525.5 24
4526.5 26
4527.5 29
4528.5 32
4529.5 21
4530.5 28
4531.5 20
4532.5 21
4533.5 20
4534.5 23
4535.5 25
4536.5 33
4537.5 23
4538.5 31
4539.5 28
4540.5 23
4541.5 27
4542.5 22
4543.5 24
4544.5 19
4545.5 26
4546.5 21
4547.5 29
4548.5 20
4549.5 30
4550.5 19
4551.5 9
4552.5 20
4553.5 25
4554.5 28
4555.5 26
4556.5 26
4557.5 21
4558.5 24
4559.5 21
4560.5 28
4561.5 20
4562.5 17
4563.5 29
4564.5 24
4565.5 20
4566.5 22
4567.5 21
4568.5 23
4569.5 26
4570.5 18
4571.5 18
4572.5 17
4573.5 25
4574.5 24
4575.5 25
4576.5 20
4577.5 28
4578.5 26
4579.5 33
4580.5 21
4581.5 18
4582.5 21
4583.5 15
4584.5 23
4585.5 25
4586.5 19
4587.5 29
4588.5 18
4589.5 29
4590.5 30
4591.5 18
4592.5 22
4593.5 23
4594.5 19
4595.5 20
4596.5 33
4597.5 17
4598.5 20
4599.5 15
4600.5 18
4601.5 26
4602.5 19
4603.5 19
4604.5 25
4605.5 20
4606.5 13
4607.5 20
4608.5 23
4609.5 19
4610.5 12
4611.5 30
4612.5 23
4613.5 18
4614.5 30
4615.5 24
4616.5 16
4617.5 26
4618.5 19
4619.5 25
4620.5 21
4621.5 22
4622.5 17
4623.5 19
4624.5 21
4625.5 22
4626.5 36
4627.5 23
4628.5 19
4629.5 16
4630.5 23
4631.5 24
4632.5 22
4633.5 25
4634.5 16
4635.5 18
4636.5 17
4637.5 19
4638.5 19
4639.5 21
4640.5 18
4641.5 22
4642.5 19
4643.5 21
4644.5 25
4645.5 18
4646.5 26
4647.5 13
4648.5 23
4649.5 20
4650.5 26
4651.5 29
4652.5 14
4653.5 20
4654.5 11
4655.5 26
4656.5 10
4657.5 19
4658.5 15
4659.5 23
4660.5 25
4661.5 20
4662.5 20
4663.5 19
4664.5 18
4665.5 20
4666.5 24
4667.5 17
4668.5 18
4669.5 28
4670.5 9
4671.5 21
4672.5 20
4673.5 28
4674.5 19
4675.5 18
4676.5 19
4677.5 17
4678.5 17
4679.5 19
4680.5 19
4681.5 16
4682.5 25
4683.5 24
4684.5 16
4685.5 17
4686.5 15
4687.5 17
4688.5 15
4689.5 21
4690.5 21
4691.5 15
4692.5 13
4693.5 24
4694.5 26
4695.5 18
4696.5 14
4697.5 24
4698.5 23
4699.5 14
4700.5 14
4701.5 22
4702.5 20
4703.5 40
4704.5 20
4705.5 17
4706.5 17
4707.5 27
4708.5 19
4709.5 10
4710.5 18
4711.5 15
4712.5 15
4713.5 22
4714.5 18
4715.5 18
4716.5 16
4717.5 19
4718.5 18
4719.5 10
4720.5 17
4721.5 19
4722.5 26
4723.5 25
4724.5 15
4725.5 16
4726.5 21
4727.5 23
4728.5 17
4729.5 11
4730.5 19
4731.5 11
4732.5 14
4733.5 31
4734.5 20
4735.5 16
4736.5 20
4737.5 12
4738.5 21
4739.5 11
4740.5 21
4741.5 10
4742.5 20
4743.5 22
4744.5 19
4745.5 21
4746.5 22
4747.5 18
4748.5 17
4749.5 19
4750.5 20
4751.5 15
4752.5 26
4753.5 20
4754.5 21
4755.5 13
4756.5 19
4757.5 24
4758.5 22
4759.5 16
4760.5 23
4761.5 20
4762.5 14
4763.5 17
4764.5 15
4765.5 17
4766.5 21
4767.5 17
4768.5 25
4769.5 20
4770.5 20
4771.5 17
4772.5 16
4773.5 16
4774.5 19
4775.5 18
4776.5 24
4777.5 21
4778.5 20
4779.5 27
4780.5 14
4781.5 16
4782.5 19
4783.5 21
4784.5 20
4785.5 20
4786.5 20
4787.5 23
4788.5 18
4789.5 21
4790.5 25
4791.5 19
4792.5 21
4793.5 14
4794.5 18
4795.5 20
4796.5 18
4797.5 22
4798.5 28
4799.5 15
4800.5 24
4801.5 27
4802.5 16
4803.5 27
4804.5 14
4805.5 21
4806.5 13
4807.5 19
4808.5 18
4809.5 24
4810.5 26
4811.5 28
4812.5 19
4813.5 12
4814.5 24
4815.5 20
4816.5 17
4817.5 23
4818.5 24
4819.5 19
4820.5 25
4821.5 20
4822.5 18
4823.5 22
4824.5 26
4825.5 15
4826.5 23
4827.5 22
4828.5 22
4829.5 18
4830.5 17
4831.5 34
4832.5 17
4833.5 17
4834.5 18
4835.5 16
4836.5 27
4837.5 27
4838.5 24
4839.5 19
4840.5 21
4841.5 25
4842.5 20
4843.5 19
4844.5 20
4845.5 16
4846.5 24
4847.5 23
4848.5 23
4849.5 16
4850.5 22
4851.5 17
4852.5 13
4853.5 22
4854.5 13
4855.5 22
4856.5 18
4857.5 18
4858.5 20
4859.5 18
4860.5 21
4861.5 23
4862.5 15
4863.5 20
4864.5 22
4865.5 29
4866.5 18
4867.5 22
4868.5 10
4869.5 16
4870.5 27
4871.5 18
4872.5 16
4873.5 17
4874.5 25
4875.5 15
4876.5 16
4877.5 24
4878.5 18
4879.5 18
4880.5 25
4881.5 16
4882.5 24
4883.5 15
4884.5 31
4885.5 22
4886.5 20
4887.5 14
4888.5 18
4889.5 15
4890.5 13
4891.5 19
4892.5 23
4893.5 20
4894.5 9
4895.5 19
4896.5 12
4897.5 19
4898.5 21
4899.5 17
4900.5 21
4901.5 21
4902.5 16
4903.5 24
4904.5 14
4905.5 21
4906.5 19
4907.5 22
4908.5 20
4909.5 15
4910.5 18
4911.5 24
4912.5 24
4913.5 18
4914.5 14
4915.5 22
4916.5 20
4917.5 15
4918.5 20
4919.5 13
4920.5 17
4921.5 20
4922.5 16
4923.5 20
4924.5 24
4925.5 22
4926.5 11
4927.5 22
4928.5 9
4929.5 18
4930.5 26
4931.5 28
4932.5 16
4933.5 19
4934.5 14
4935.5 17
4936.5 18
4937.5 18
4938.5 11
4939.5 19
4940.5 18
4941.5 17
4942.5 25
4943.5 14
4944.5 22
4945.5 16
4946.5 19
4947.5 19
4948.5 20
4949.5 14
4950.5 22
4951.5 24
4952.5 10
4953.5 21
4954.5 20
4955.5 16
4956.5 20
4957.5 18
4958.5 25
4959.5 18
4960.5 20
4961.5 20
4962.5 14
4963.5 17
4964.5 16
4965.5 15
4966.5 21
4967.5 17
4968.5 20
4969.5 22
4970.5 24
4971.5 20
4972.5 16
4973.5 20
4974.5 23
4975.5 14
4976.5 23
4977.5 16
4978.5 12
4979.5 14
4980.5 24
4981.5 19
4982.5 16
4983.5 21
4984.5 21
4985.5 18
4986.5 19
4987.5 16
4988.5 19
4989.5 23
4990.5 27
4991.5 12
4992.5 18
4993.5 21
4994.5 14
4995.5 20
4996.5 21
4997.5 12
4998.5 15
4999.5 18
5000.5 22
5001.5 17
5002.5 17
5003.5 18
5004.5 24
5005.5 19
5006.5 18
5007.5 16
5008.5 18
5009.5 16
5010.5 15
5011.5 20
5012.5 16
5013.5 24
5014.5 16
5015.5 14
5016.5 18
5017.5 25
5018.5 19
5019.5 13
5020.5 19
5021.5 18
5022.5 20
5023.5 18
5024.5 19
5025.5 25
5026.5 23
5027.5 13
5028.5 18
5029.5 16
5030.5 13
5031.5 22
5032.5 19
5033.5 20
5034.5 21
5035.5 26
5036.5 28
5037.5 16
5038.5 19
5039.5 12
5040.5 27
5041.5 14
5042.5 16
5043.5 19
5044.5 21
5045.5 16
5046.5 20
5047.5 11
5048.5 18
5049.5 15
5050.5 22
5051.5 19
5052.5 17
5053.5 26
5054.5 10
5055.5 11
5056.5 20
5057.5 20
5058.5 17
5059.5 23
5060.5 21
5061.5 17
5062.5 16
5063.5 17
5064.5 19
5065.5 25
5066.5 18
5067.5 12
5068.5 21
5069.5 22
5070.5 17
5071.5 16
5072.5 17
5073.5 15
5074.5 15
5075.5 20
5076.5 16
5077.5 13
5078.5 17
5079.5 26
5080.5 19
5081.5 31
5082.5 17
5083.5 17
5084.5 12
5085.5 14
5086.5 20
5087.5 14
5088.5 20
5089.5 20
5090.5 20
5091.5 30
5092.5 20
5093.5 18
5094.5 20
5095.5 27
5096.5 18
5097.5 19
5098.5 15
5099.5 27
5100.5 25
5101.5 16
5102.5 21
5103.5 25
5104.5 21
5105.5 15
5106.5 21
5107.5 17
5108.5 26
5109.5 21
5110.5 20
5111.5 15
5112.5 19
5113.5 21
5114.5 16
5115.5 25
5116.5 17
5117.5 16
5118.5 21
5119.5 30
5120.5 20
5121.5 21
5122.5 17
5123.5 33
5124.5 17
5125.5 19
5126.5 19
5127.5 21
5128.5 29
5129.5 24
5130.5 18
5131.5 24
5132.5 22
5133.5 27
5134.5 23
5135.5 14
5136.5 22
5137.5 19
5138.5 26
5139.5 17
5140.5 25
5141.5 17
5142.5 26
5143.5 23
5144.5 16
5145.5 21
5146.5 24
5147.5 21
5148.5 21
5149.5 27
5150.5 21
5151.5 25
5152.5 30
5153.5 21
5154.5 22
5155.5 21
5156.5 19
5157.5 20
5158.5 23
5159.5 21
5160.5 21
5161.5 26
5162.5 29
5163.5 19
5164.5 26
5165.5 37
5166.5 20
5167.5 35
5168.5 28
5169.5 16
5170.5 18
5171.5 16
5172.5 19
5173.5 15
5174.5 20
5175.5 24
5176.5 19
5177.5 19
5178.5 21
5179.5 22
5180.5 21
5181.5 29
5182.5 18
5183.5 25
5184.5 23
5185.5 23
5186.5 22
5187.5 22
5188.5 22
5189.5 28
5190.5 20
5191.5 24
5192.5 25
5193.5 18
5194.5 24
5195.5 24
5196.5 21
5197.5 18
5198.5 15
5199.5 21
5200.5 24
5201.5 29
5202.5 25
5203.5 23
5204.5 24
5205.5 19
5206.5 21
5207.5 26
5208.5 19
5209.5 24
5210.5 30
5211.5 24
5212.5 23
5213.5 16
5214.5 16
5215.5 29
5216.5 24
5217.5 33
5218.5 30
5219.5 24
5220.5 17
5221.5 27
5222.5 23
5223.5 27
5224.5 30
5225.5 24
5226.5 15
5227.5 21
5228.5 26
5229.5 13
5230.5 25
5231.5 26
5232.5 20
5233.5 30
5234.5 24
5235.5 14
5236.5 20
5237.5 24
5238.5 23
5239.5 27
5240.5 24
5241.5 27
5242.5 29
5243.5 28
5244.5 32
5245.5 18
5246.5 19
5247.5 20
5248.5 29
5249.5 29
5250.5 20
5251.5 32
5252.5 16
5253.5 23
5254.5 25
5255.5 25
5256.5 27
5257.5 32
5258.5 27
5259.5 21
5260.5 29
5261.5 19
5262.5 20
5263.5 31
5264.5 24
5265.5 27
5266.5 23
5267.5 18
5268.5 19
5269.5 40
5270.5 23
5271.5 23
5272.5 26
5273.5 19
5274.5 24
5275.5 19
5276.5 35
5277.5 25
5278.5 21
5279.5 29
5280.5 31
5281.5 20
5282.5 22
5283.5 18
5284.5 25
5285.5 25
5286.5 22
5287.5 23
5288.5 25
5289.5 24
5290.5 34
5291.5 37
5292.5 27
5293.5 15
5294.5 27
5295.5 21
5296.5 22
5297.5 31
5298.5 24
5299.5 18
5300.5 20
5301.5 26
5302.5 31
5303.5 24
5304.5 19
5305.5 23
5306.5 20
5307.5 24
5308.5 19
5309.5 22
5310.5 34
5311.5 18
5312.5 24
5313.5 21
5314.5 24
5315.5 23
5316.5 14
5317.5 30
5318.5 23
5319.5 27
5320.5 22
5321.5 27
5322.5 17
5323.5 23
5324.5 17
5325.5 19
5326.5 23
5327.5 29
5328.5 26
5329.5 22
5330.5 27
5331.5 22
5332.5 27
5333.5 23
5334.5 21
5335.5 29
5336.5 16
5337.5 32
5338.5 22
5339.5 20
5340.5 20
5341.5 34
5342.5 25
5343.5 18
5344.5 24
5345.5 18
5346.5 25
5347.5 21
5348.5 29
5349.5 33
5350.5 23
5351.5 17
5352.5 17
5353.5 24
5354.5 18
5355.5 17
5356.5 18
5357.5 27
5358.5 21
5359.5 23
5360.5 18
5361.5 25
5362.5 22
5363.5 21
5364.5 30
5365.5 21
5366.5 16
5367.5 23
5368.5 18
5369.5 29
5370.5 21
5371.5 20
5372.5 23
5373.5 23
5374.5 27
5375.5 23
5376.5 19
5377.5 19
5378.5 25
5379.5 18
5380.5 23
5381.5 24
5382.5 20
5383.5 28
5384.5 13
5385.5 33
5386.5 18
5387.5 22
5388.5 23
5389.5 20
5390.5 25
5391.5 20
5392.5 24
5393.5 29
5394.5 19
5395.5 25
5396.5 19
5397.5 21
5398.5 17
5399.5 29
5400.5 17
5401.5 30
5402.5 17
5403.5 17
5404.5 19
5405.5 24
5406.5 22
5407.5 18
5408.5 15
5409.5 26
5410.5 25
5411.5 15
5412.5 27
5413.5 22
5414.5 24
5415.5 23
5416.5 30
5417.5 25
5418.5 20
5419.5 12
5420.5 24
5421.5 30
5422.5 17
5423.5 18
5424.5 24
5425.5 17
5426.5 19
5427.5 26
5428.5 28
5429.5 24
5430.5 27
5431.5 15
5432.5 22
5433.5 26
5434.5 18
5435.5 20
5436.5 24
5437.5 23
5438.5 21
5439.5 18
5440.5 23
5441.5 29
5442.5 24
5443.5 20
5444.5 16
5445.5 24
5446.5 21
5447.5 15
5448.5 21
5449.5 26
5450.5 15
5451.5 13
5452.5 24
5453.5 27
5454.5 21
5455.5 19
5456.5 23
5457.5 21
5458.5 22
5459.5 23
5460.5 20
5461.5 18
5462.5 18
5463.5 26
5464.5 19
5465.5 22
5466.5 18
5467.5 16
5468.5 23
5469.5 20
5470.5 18
5471.5 21
5472.5 20
5473.5 23
5474.5 15
5475.5 18
5476.5 27
5477.5 20
5478.5 18
5479.5 15
5480.5 27
5481.5 25
5482.5 9
5483.5 28
5484.5 18
5485.5 17
5486.5 19
5487.5 15
5488.5 12
5489.5 16
5490.5 16
5491.5 18
5492.5 18
5493.5 17
5494.5 27
5495.5 27
5496.5 17
5497.5 25
5498.5 26
5499.5 18
5500.5 15
5501.5 12
5502.5 19
5503.5 18
5504.5 16
5505.5 16
5506.5 16
5507.5 17
5508.5 22
5509.5 23
5510.5 24
5511.5 19
5512.5 19
5513.5 22
5514.5 22
5515.5 18
5516.5 21
5517.5 21
5518.5 12
5519.5 13
5520.5 15
5521.5 15
5522.5 18
5523.5 11
5524.5 17
5525.5 16
5526.5 23
5527.5 20
5528.5 22
5529.5 22
5530.5 21
5531.5 21
5532.5 20
5533.5 14
5534.5 21
5535.5 19
5536.5 14
5537.5 23
5538.5 19
5539.5 17
5540.5 14
5541.5 16
5542.5 22
5543.5 17
5544.5 19
5545.5 18
5546.5 18
5547.5 17
5548.5 23
5549.5 29
5550.5 21
5551.5 18
5552.5 23
5553.5 22
5554.5 17
5555.5 19
5556.5 17
5557.5 18
5558.5 24
5559.5 15
5560.5 23
5561.5 15
5562.5 17
5563.5 20
5564.5 9
5565.5 19
5566.5 20
5567.5 21
5568.5 12
5569.5 22
5570.5 19
5571.5 27
5572.5 15
5573.5 20
5574.5 16
5575.5 25
5576.5 12
5577.5 19
5578.5 23
5579.5 13
5580.5 15
5581.5 16
5582.5 9
5583.5 18
5584.5 14
5585.5 18
5586.5 25
5587.5 22
5588.5 16
5589.5 19
5590.5 30
5591.5 13
5592.5 22
5593.5 19
5594.5 16
5595.5 20
5596.5 22
5597.5 24
5598.5 17
5599.5 25
5600.5 13
5601.5 19
5602.5 26
5603.5 19
5604.5 20
5605.5 21
5606.5 18
5607.5 20
5608.5 16
5609.5 18
5610.5 22
5611.5 21
5612.5 21
5613.5 13
5614.5 23
5615.5 20
5616.5 28
5617.5 21
5618.5 26
5619.5 22
5620.5 25
5621.5 26
5622.5 17
5623.5 28
5624.5 21
5625.5 23
5626.5 21
5627.5 27
5628.5 20
5629.5 28
5630.5 22
5631.5 15
5632.5 22
5633.5 23
5634.5 15
5635.5 15
5636.5 16
5637.5 29
5638.5 24
5639.5 20
5640.5 29
5641.5 14
5642.5 31
5643.5 29
5644.5 23
5645.5 18
5646.5 23
5647.5 20
5648.5 24
5649.5 26
5650.5 25
5651.5 29
5652.5 17
5653.5 19
5654.5 35
5655.5 18
5656.5 19
5657.5 21
5658.5 16
5659.5 21
5660.5 22
5661.5 23
5662.5 30
5663.5 17
5664.5 31
5665.5 21
5666.5 29
5667.5 35
5668.5 22
5669.5 24
5670.5 25
5671.5 19
5672.5 24
5673.5 25
5674.5 23
5675.5 27
5676.5 24
5677.5 28
5678.5 20
5679.5 20
5680.5 21
5681.5 23
5682.5 26
5683.5 23
5684.5 29
5685.5 28
5686.5 20
5687.5 20
5688.5 25
5689.5 29
5690.5 23
5691.5 25
5692.5 24
5693.5 22
5694.5 23
5695.5 19
5696.5 25
5697.5 19
5698.5 29
5699.5 25
5700.5 31
5701.5 29
5702.5 26
5703.5 25
5704.5 27
5705.5 23
5706.5 26
5707.5 19
5708.5 25
5709.5 17
5710.5 22
5711.5 18
5712.5 24
5713.5 20
5714.5 23
5715.5 26
5716.5 20
5717.5 21
5718.5 15
5719.5 26
5720.5 22
5721.5 21
5722.5 24
5723.5 24
5724.5 24
5725.5 29
5726.5 26
5727.5 31
5728.5 20
5729.5 29
5730.5 19
5731.5 23
5732.5 24
5733.5 25
5734.5 20
5735.5 21
5736.5 27
5737.5 25
5738.5 20
5739.5 18
5740.5 27
5741.5 31
5742.5 18
5743.5 24
5744.5 28
5745.5 19
5746.5 13
5747.5 26
5748.5 26
5749.5 28
5750.5 15
5751.5 22
5752.5 27
5753.5 19
5754.5 31
5755.5 20
5756.5 23
5757.5 26
5758.5 24
5759.5 25
5760.5 25
5761.5 15
5762.5 17
5763.5 28
5764.5 22
5765.5 20
5766.5 18
5767.5 25
5768.5 30
5769.5 20
5770.5 24
5771.5 19
5772.5 19
5773.5 18
5774.5 21
5775.5 17
5776.5 22
5777.5 30
5778.5 25
5779.5 22
5780.5 23
5781.5 26
5782.5 21
5783.5 13
5784.5 23
5785.5 23
5786.5 31
5787.5 20
5788.5 25
5789.5 23
5790.5 19
5791.5 21
5792.5 27
5793.5 23
5794.5 23
5795.5 17
5796.5 18
5797.5 23
5798.5 24
5799.5 20
5800.5 24
5801.5 22
5802.5 23
5803.5 24
5804.5 20
5805.5 19
5806.5 18
5807.5 25
5808.5 24
5809.5 14
5810.5 23
5811.5 20
5812.5 23
5813.5 13
5814.5 21
5815.5 20
5816.5 26
5817.5 21
5818.5 16
5819.5 15
5820.5 19
5821.5 23
5822.5 21
5823.5 21
5824.5 20
5825.5 25
5826.5 17
5827.5 15
5828.5 20
5829.5 21
5830.5 20
5831.5 22
5832.5 19
5833.5 24
5834.5 17
5835.5 14
5836.5 19
5837.5 17
5838.5 14
5839.5 18
5840.5 18
5841.5 16
5842.5 21
5843.5 20
5844.5 18
5845.5 23
5846.5 22
5847.5 21
5848.5 14
5849.5 32
5850.5 24
5851.5 17
5852.5 19
5853.5 22
5854.5 23
5855.5 21
5856.5 25
5857.5 20
5858.5 21
5859.5 16
5860.5 30
5861.5 22
5862.5 19
5863.5 21
5864.5 14
5865.5 17
5866.5 28
5867.5 19
5868.5 22
5869.5 17
5870.5 24
5871.5 19
5872.5 20
5873.5 11
5874.5 24
5875.5 27
5876.5 17
5877.5 15
5878.5 18
5879.5 22
5880.5 15
5881.5 14
5882.5 25
5883.5 19
5884.5 20
5885.5 15
5886.5 26
5887.5 19
5888.5 16
5889.5 21
5890.5 23
5891.5 22
5892.5 16
5893.5 13
5894.5 18
5895.5 23
5896.5 10
5897.5 15
5898.5 11
5899.5 14
5900.5 19
5901.5 15
5902.5 24
5903.5 25
5904.5 12
5905.5 24
5906.5 29
5907.5 21
5908.5 18
5909.5 12
5910.5 17
5911.5 19
5912.5 18
5913.5 15
5914.5 14
5915.5 15
5916.5 14
5917.5 23
5918.5 25
5919.5 18
5920.5 19
5921.5 12
5922.5 11
5923.5 21
5924.5 15
5925.5 18
5926.5 14
5927.5 13
5928.5 18
5929.5 17
5930.5 15
5931.5 13
5932.5 26
5933.5 10
5934.5 19
5935.5 15
5936.5 18
5937.5 9
5938.5 15
5939.5 19
5940.5 12
5941.5 16
5942.5 18
5943.5 15
5944.5 12
5945.5 12
5946.5 16
5947.5 14
5948.5 16
5949.5 17
5950.5 21
5951.5 11
5952.5 11
5953.5 14
5954.5 23
5955.5 11
5956.5 25
5957.5 18
5958.5 21
5959.5 15
5960.5 27
5961.5 10
5962.5 10
5963.5 16
5964.5 22
5965.5 14
5966.5 20
5967.5 16
5968.5 17
5969.5 17
5970.5 20
5971.5 17
5972.5 20
5973.5 18
5974.5 14
5975.5 9
5976.5 24
5977.5 15
5978.5 13
5979.5 17
5980.5 15
5981.5 20
5982.5 15
5983.5 11
5984.5 13
5985.5 18
5986.5 11
5987.5 12
5988.5 16
5989.5 25
5990.5 17
5991.5 12
5992.5 6
5993.5 15
5994.5 19
5995.5 16
5996.5 16
5997.5 16
5998.5 23
5999.5 13
6000.5 12
6001.5 24
6002.5 19
6003.5 24
6004.5 13
6005.5 14
6006.5 16
6007.5 11
6008.5 15
6009.5 17
6010.5 14
6011.5 11
6012.5 15
6013.5 11
6014.5 16
6015.5 11
6016.5 16
6017.5 10
6018.5 11
6019.5 17
6020.5 15
6021.5 10
6022.5 23
6023.5 8
6024.5 12
6025.5 11
6026.5 17
6027.5 13
6028.5 19
6029.5 14
6030.5 20
6031.5 15
6032.5 16
6033.5 23
6034.5 12
6035.5 14
6036.5 17
6037.5 11
6038.5 14
6039.5 12
6040.5 17
6041.5 12
6042.5 8
6043.5 13
6044.5 16
6045.5 17
6046.5 11
6047.5 10
6048.5 15
6049.5 15
6050.5 16
6051.5 17
6052.5 12
6053.5 13
6054.5 18
6055.5 20
6056.5 20
6057.5 18
6058.5 13
6059.5 20
6060.5 10
6061.5 5
6062.5 15
6063.5 9
6064.5 12
6065.5 12
6066.5 19
6067.5 16
6068.5 16
6069.5 16
6070.5 16
6071.5 11
6072.5 9
6073.5 16
6074.5 15
6075.5 13
6076.5 17
6077.5 14
6078.5 15
6079.5 14
6080.5 19
6081.5 10
6082.5 19
6083.5 12
6084.5 20
6085.5 15
6086.5 8
6087.5 8
6088.5 13
6089.5 15
6090.5 23
6091.5 16
6092.5 23
6093.5 13
6094.5 14
6095.5 8
6096.5 5
6097.5 19
6098.5 19
6099.5 9
6100.5 15
6101.5 10
6102.5 13
6103.5 16
6104.5 18
6105.5 7
6106.5 15
6107.5 14
6108.5 17
6109.5 22
6110.5 20
6111.5 17
6112.5 16
6113.5 16
6114.5 25
6115.5 20
6116.5 14
6117.5 21
6118.5 13
6119.5 13
6120.5 15
6121.5 17
6122.5 23
6123.5 21
6124.5 12
6125.5 19
6126.5 12
6127.5 17
6128.5 13
6129.5 6
6130.5 18
6131.5 15
6132.5 15
6133.5 12
6134.5 12
6135.5 10
6136.5 16
6137.5 14
6138.5 15
6139.5 17
6140.5 16
6141.5 15
6142.5 12
6143.5 10
6144.5 11
6145.5 13
6146.5 17
6147.5 14
6148.5 19
6149.5 15
6150.5 25
6151.5 19
6152.5 13
6153.5 14
6154.5 14
6155.5 12
6156.5 20
6157.5 15
6158.5 13
6159.5 16
6160.5 16
6161.5 14
6162.5 15
6163.5 10
6164.5 25
6165.5 17
6166.5 18
6167.5 17
6168.5 19
6169.5 15
6170.5 12
6171.5 13
6172.5 21
6173.5 9
6174.5 18
6175.5 6
6176.5 22
6177.5 18
6178.5 17
6179.5 21
6180.5 19
6181.5 14
6182.5 19
6183.5 9
6184.5 25
6185.5 21
6186.5 24
6187.5 14
6188.5 16
6189.5 13
6190.5 15
6191.5 20
6192.5 10
6193.5 12
6194.5 22
6195.5 12
6196.5 18
6197.5 11
6198.5 11
6199.5 14
6200.5 13
6201.5 15
6202.5 11
6203.5 23
6204.5 17
6205.5 13
6206.5 20
6207.5 21
6208.5 16
6209.5 18
6210.5 19
6211.5 19
6212.5 9
6213.5 16
6214.5 11
6215.5 18
6216.5 16
6217.5 9
6218.5 19
6219.5 22
6220.5 17
6221.5 17
6222.5 11
6223.5 19
6224.5 10
6225.5 14
6226.5 15
6227.5 15
6228.5 17
6229.5 17
6230.5 16
6231.5 12
6232.5 18
6233.5 18
6234.5 25
6235.5 10
6236.5 18
6237.5 12
6238.5 20
6239.5 14
6240.5 12
6241.5 15
6242.5 13
6243.5 8
6244.5 13
6245.5 15
6246.5 17
6247.5 19
6248.5 20
6249.5 13
6250.5 19
6251.5 13
6252.5 17
6253.5 11
6254.5 16
6255.5 16
6256.5 12
6257.5 17
6258.5 18
6259.5 18
6260.5 17
6261.5 19
6262.5 17
6263.5 15
6264.5 13
6265.5 14
6266.5 18
6267.5 15
6268.5 16
6269.5 9
6270.5 14
6271.5 11
6272.5 21
6273.5 16
6274.5 10
6275.5 20
6276.5 15
6277.5 11
6278.5 14
6279.5 19
6280.5 14
6281.5 15
6282.5 18
6283.5 7
6284.5 16
6285.5 14
6286.5 17
6287.5 11
6288.5 17
6289.5 21
6290.5 21
6291.5 12
6292.5 11
6293.5 21
6294.5 13
6295.5 11
6296.5 10
6297.5 20
6298.5 13
6299.5 15
6300.5 14
6301.5 16
6302.5 16
6303.5 14
6304.5 9
6305.5 9
6306.5 14
6307.5 10
6308.5 9
6309.5 19
6310.5 10
6311.5 13
6312.5 8
6313.5 15
6314.5 14
6315.5 14
6316.5 9
6317.5 13
6318.5 10
6319.5 14
6320.5 8
6321.5 18
6322.5 15
6323.5 13
6324.5 11
6325.5 8
6326.5 14
6327.5 12
6328.5 19
6329.5 8
6330.5 12
6331.5 9
6332.5 11
6333.5 7
6334.5 17
6335.5 11
6336.5 7
6337.5 12
6338.5 16
6339.5 15
6340.5 13
6341.5 10
6342.5 12
6343.5 10
6344.5 15
6345.5 10
6346.5 10
6347.5 18
6348.5 10
6349.5 9
6350.5 12
6351.5 14
6352.5 11
6353.5 12
6354.5 17
6355.5 12
6356.5 7
6357.5 11
6358.5 9
6359.5 12
6360.5 10
6361.5 10
6362.5 9
6363.5 13
6364.5 14
6365.5 8
6366.5 9
6367.5 14
6368.5 4
6369.5 6
6370.5 15
6371.5 15
6372.5 13
6373.5 8
6374.5 6
6375.5 12
6376.5 5
6377.5 13
6378.5 9
6379.5 7
6380.5 9
6381.5 14
6382.5 7
6383.5 4
6384.5 12
6385.5 7
6386.5 8
6387.5 10
6388.5 9
6389.5 14
6390.5 10
6391.5 15
6392.5 12
6393.5 12
6394.5 9
6395.5 10
6396.5 7
6397.5 8
6398.5 12
6399.5 9
6400.5 10
6401.5 9
6402.5 7
6403.5 16
6404.5 14
6405.5 8
6406.5 7
6407.5 8
6408.5 10
6409.5 15
6410.5 10
6411.5 14
6412.5 13
6413.5 14
6414.5 9
6415.5 10
6416.5 5
6417.5 10
6418.5 14
6419.5 11
6420.5 10
6421.5 10
6422.5 7
6423.5 10
6424.5 9
6425.5 10
6426.5 3
6427.5 7
6428.5 13
6429.5 9
6430.5 8
6431.5 9
6432.5 11
6433.5 10
6434.5 11
6435.5 10
6436.5 9
6437.5 11
6438.5 13
6439.5 8
6440.5 7
6441.5 9
6442.5 4
6443.5 8
6444.5 11
6445.5 7
6446.5 10
6447.5 12
6448.5 8
6449.5 10
6450.5 9
6451.5 14
6452.5 9
6453.5 7
6454.5 15
6455.5 12
6456.5 9
6457.5 9
6458.5 4
6459.5 8
6460.5 4
6461.5 11
6462.5 6
6463.5 8
6464.5 11
6465.5 11
6466.5 5
6467.5 9
6468.5 12
6469.5 10
6470.5 11
6471.5 12
6472.5 8
6473.5 13
6474.5 15
6475.5 15
6476.5 11
6477.5 6
6478.5 8
6479.5 11
6480.5 13
6481.5 11
6482.5 8
6483.5 12
6484.5 9
6485.5 5
6486.5 9
6487.5 6
6488.5 10
6489.5 12
6490.5 9
6491.5 9
6492.5 7
6493.5 6
6494.5 12
6495.5 11
6496.5 8
6497.5 11
6498.5 7
6499.5 4
6500.5 7
6501.5 9
6502.5 9
6503.5 7
6504.5 5
6505.5 7
6506.5 10
6507.5 9
6508.5 9
6509.5 7
6510.5 10
6511.5 9
6512.5 5
6513.5 11
6514.5 14
6515.5 12
6516.5 6
6517.5 14
6518.5 8
6519.5 7
6520.5 16
6521.5 8
6522.5 5
6523.5 9
6524.5 6
6525.5 11
6526.5 4
6527.5 7
6528.5 8
6529.5 9
6530.5 4
6531.5 6
6532.5 5
6533.5 6
6534.5 9
6535.5 8
6536.5 6
6537.5 6
6538.5 5
6539.5 10
6540.5 4
6541.5 12
6542.5 5
6543.5 12
6544.5 7
6545.5 3
6546.5 2
6547.5 6
6548.5 9
6549.5 8
6550.5 5
6551.5 4
6552.5 5
6553.5 5
6554.5 12
6555.5 6
6556.5 7
6557.5 10
6558.5 8
6559.5 7
6560.5 15
6561.5 8
6562.5 9
6563.5 6
6564.5 10
6565.5 9
6566.5 4
6567.5 5
6568.5 9
6569.5 7
6570.5 6
6571.5 8
6572.5 7
6573.5 8
6574.5 12
6575.5 14
6576.5 9
6577.5 8
6578.5 11
6579.5 11
6580.5 10
6581.5 8
6582.5 7
6583.5 10
6584.5 8
6585.5 5
6586.5 9
6587.5 8
6588.5 11
6589.5 6
6590.5 6
6591.5 2
6592.5 7
6593.5 8
6594.5 7
6595.5 5
6596.5 13
6597.5 7
6598.5 2
6599.5 6
6600.5 8
6601.5 11
6602.5 8
6603.5 4
6604.5 8
6605.5 9
6606.5 7
6607.5 3
6608.5 8
6609.5 3
6610.5 6
6611.5 6
6612.5 6
6613.5 10
6614.5 11
6615.5 8
6616.5 8
6617.5 5
6618.5 5
6619.5 6
6620.5 5
6621.5 3
6622.5 5
6623.5 5
6624.5 11
6625.5 8
6626.5 7
6627.5 10
6628.5 8
6629.5 9
6630.5 6
6631.5 7
6632.5 3
6633.5 7
6634.5 8
6635.5 4
6636.5 9
6637.5 4
6638.5 6
6639.5 4
6640.5 8
6641.5 6
6642.5 0
6643.5 5
6644.5 6
6645.5 13
6646.5 7
6647.5 7
6648.5 6
6649.5 11
6650.5 7
6651.5 8
6652.5 5
6653.5 6
6654.5 5
6655.5 5
6656.5 10
6657.5 7
6658.5 5
6659.5 5
6660.5 7
6661.5 4
6662.5 7
6663.5 5
6664.5 7
6665.5 7
6666.5 5
6667.5 6
6668.5 10
6669.5 5
6670.5 7
6671.5 5
6672.5 7
6673.5 5
6674.5 10
6675.5 6
6676.5 5
6677.5 10
6678.5 8
6679.5 7
6680.5 9
6681.5 5
6682.5 9
6683.5 4
6684.5 6
6685.5 7
6686.5 5
6687.5 8
6688.5 6
6689.5 2
6690.5 10
6691.5 12
6692.5 7
6693.5 5
6694.5 4
6695.5 8
6696.5 7
6697.5 4
6698.5 3
6699.5 4
6700.5 5
6701.5 10
6702.5 6
6703.5 10
6704.5 4
6705.5 9
6706.5 4
6707.5 3
6708.5 6
6709.5 8
6710.5 5
6711.5 6
6712.5 8
6713.5 4
6714.5 10
6715.5 3
6716.5 11
6717.5 4
6718.5 1
6719.5 7
6720.5 4
6721.5 6
6722.5 8
6723.5 9
6724.5 13
6725.5 4
6726.5 5
6727.5 9
6728.5 7
6729.5 7
6730.5 4
6731.5 7
6732.5 3
6733.5 3
6734.5 8
6735.5 7
6736.5 1
6737.5 5
6738.5 6
6739.5 8
6740.5 6
6741.5 4
6742.5 3
6743.5 5
6744.5 8
6745.5 4
6746.5 7
6747.5 6
6748.5 6
6749.5 11
6750.5 6
6751.5 7
6752.5 5
6753.5 12
6754.5 10
6755.5 6
6756.5 8
6757.5 3
6758.5 6
6759.5 8
6760.5 6
6761.5 6
6762.5 6
6763.5 6
6764.5 6
6765.5 7
6766.5 5
6767.5 12
6768.5 4
6769.5 7
6770.5 7
6771.5 4
6772.5 8
6773.5 5
6774.5 4
6775.5 12
6776.5 6
6777.5 7
6778.5 3
6779.5 12
6780.5 5
6781.5 3
6782.5 6
6783.5 7
6784.5 8
6785.5 4
6786.5 6
6787.5 6
6788.5 3
6789.5 7
6790.5 4
6791.5 4
6792.5 7
6793.5 5
6794.5 4
6795.5 9
6796.5 4
6797.5 4
6798.5 6
6799.5 5
6800.5 6
6801.5 5
6802.5 7
6803.5 7
6804.5 4
6805.5 9
6806.5 5
6807.5 8
6808.5 7
6809.5 7
6810.5 10
6811.5 7
6812.5 7
6813.5 7
6814.5 6
6815.5 7
6816.5 10
6817.5 10
6818.5 4
6819.5 7
6820.5 3
6821.5 7
6822.5 1
6823.5 4
6824.5 5
6825.5 4
6826.5 2
6827.5 7
6828.5 6
6829.5 4
6830.5 7
6831.5 4
6832.5 9
6833.5 5
6834.5 3
6835.5 9
6836.5 4
6837.5 3
6838.5 7
6839.5 3
6840.5 3
6841.5 2
6842.5 9
6843.5 7
6844.5 3
6845.5 7
6846.5 9
6847.5 6
6848.5 4
6849.5 3
6850.5 6
6851.5 2
6852.5 3
6853.5 6
6854.5 6
6855.5 4
6856.5 8
6857.5 1
6858.5 7
6859.5 5
6860.5 7
6861.5 2
6862.5 2
6863.5 2
6864.5 5
6865.5 7
6866.5 3
6867.5 8
6868.5 8
6869.5 5
6870.5 2
6871.5 9
6872.5 3
6873.5 7
6874.5 7
6875.5 4
6876.5 4
6877.5 3
6878.5 5
6879.5 6
6880.5 3
6881.5 5
6882.5 7
6883.5 5
6884.5 3
6885.5 4
6886.5 4
6887.5 9
6888.5 2
6889.5 2
6890.5 4
6891.5 4
6892.5 3
6893.5 3
6894.5 4
6895.5 5
6896.5 6
6897.5 4
6898.5 6
6899.5 4
6900.5 4
6901.5 4
6902.5 2
6903.5 4
6904.5 4
6905.5 4
6906.5 6
6907.5 7
6908.5 7
6909.5 4
6910.5 5
6911.5 8
6912.5 2
6913.5 5
6914.5 5
6915.5 6
6916.5 3
6917.5 2
6918.5 7
6919.5 3
6920.5 4
6921.5 9
6922.5 3
6923.5 4
6924.5 4
6925.5 4
6926.5 7
6927.5 7
6928.5 7
6929.5 4
6930.5 3
6931.5 3
6932.5 4
6933.5 5
6934.5 3
6935.5 1
6936.5 5
6937.5 4
6938.5 2
6939.5 7
6940.5 8
6941.5 4
6942.5 3
6943.5 4
6944.5 5
6945.5 7
6946.5 2
6947.5 5
6948.5 3
6949.5 7
6950.5 8
6951.5 5
6952.5 9
6953.5 9
6954.5 5
6955.5 7
6956.5 4
6957.5 3
6958.5 2
6959.5 5
6960.5 7
6961.5 6
6962.5 7
6963.5 4
6964.5 3
6965.5 3
6966.5 5
6967.5 4
6968.5 1
6969.5 1
6970.5 5
6971.5 5
6972.5 7
6973.5 3
6974.5 6
6975.5 3
6976.5 1
6977.5 2
6978.5 5
6979.5 2
6980.5 2
6981.5 3
6982.5 2
6983.5 2
6984.5 7
6985.5 2
6986.5 4
6987.5 5
6988.5 4
6989.5 7
6990.5 4
6991.5 0
6992.5 6
6993.5 4
6994.5 2
6995.5 1
6996.5 8
6997.5 9
6998.5 3
6999.5 3
7000.5 5
7001.5 5
7002.5 2
7003.5 1
7004.5 6
7005.5 2
7006.5 8
7007.5 2
7008.5 1
7009.5 3
7010.5 6
7011.5 3
7012.5 4
7013.5 5
7014.5 5
7015.5 1
7016.5 8
7017.5 4
7018.5 5
7019.5 4
7020.5 5
7021.5 3
7022.5 4
7023.5 6
7024.5 8
7025.5 4
7026.5 6
7027.5 2
7028.5 1
7029.5 6
7030.5 3
7031.5 2
7032.5 8
7033.5 4
7034.5 0
7035.5 4
7036.5 2
7037.5 6
7038.5 3
7039.5 7
7040.5 4
7041.5 4
7042.5 4
7043.5 8
7044.5 4
7045.5 2
7046.5 4
7047.5 3
7048.5 2
7049.5 7
7050.5 6
7051.5 3
7052.5 7
7053.5 5
7054.5 3
7055.5 2
7056.5 8
7057.5 3
7058.5 5
7059.5 6
7060.5 3
7061.5 9
7062.5 4
7063.5 5
7064.5 5
7065.5 6
7066.5 1
7067.5 2
7068.5 1
7069.5 1
7070.5 3
7071.5 4
7072.5 3
7073.5 5
7074.5 9
7075.5 2
7076.5 2
7077.5 3
7078.5 1
7079.5 9
7080.5 5
7081.5 1
7082.5 7
7083.5 2
7084.5 6
7085.5 3
7086.5 5
7087.5 3
7088.5 2
7089.5 4
7090.5 7
7091.5 0
7092.5 1
7093.5 4
7094.5 4
7095.5 5
7096.5 1
7097.5 6
7098.5 1
7099.5 3
7100.5 3
7101.5 4
7102.5 5
7103.5 2
7104.5 2
7105.5 4
7106.5 5
7107.5 5
7108.5 4
7109.5 2
7110.5 2
7111.5 6
7112.5 1
7113.5 4
7114.5 1
7115.5 5
7116.5 2
7117.5 8
7118.5 5
7119.5 4
7120.5 3
7121.5 3
7122.5 2
7123.5 1
7124.5 1
7125.5 10
7126.5 4
7127.5 2
7128.5 1
7129.5 4
7130.5 2
7131.5 4
7132.5 4
7133.5 1
7134.5 6
7135.5 2
7136.5 6
7137.5 4
7138.5 4
7139.5 0
7140.5 2
7141.5 1
7142.5 0
7143.5 4
7144.5 1
7145.5 4
7146.5 2
7147.5 1
7148.5 1
7149.5 7
7150.5 3
7151.5 1
7152.5 0
7153.5 2
7154.5 0
7155.5 1
7156.5 5
7157.5 2
7158.5 5
7159.5 3
7160.5 1
7161.5 0
7162.5 4
7163.5 5
7164.5 5
7165.5 6
7166.5 4
7167.5 2
7168.5 4
7169.5 5
7170.5 4
7171.5 5
7172.5 2
7173.5 3
7174.5 3
7175.5 3
7176.5 5
7177.5 6
7178.5 3
7179.5 3
7180.5 3
7181.5 2
7182.5 3
7183.5 3
7184.5 4
7185.5 2
7186.5 1
7187.5 4
7188.5 1
7189.5 1
7190.5 1
7191.5 8
7192.5 3
7193.5 4
7194.5 2
7195.5 2
7196.5 4
7197.5 7
7198.5 3
7199.5 7
7200.5 2
7201.5 4
7202.5 4
7203.5 2
7204.5 7
7205.5 4
7206.5 2
7207.5 5
7208.5 1
7209.5 2
7210.5 4
7211.5 2
7212.5 2
7213.5 5
7214.5 4
7215.5 2
7216.5 1
7217.5 4
7218.5 5
7219.5 2
7220.5 2
7221.5 4
7222.5 4
7223.5 6
7224.5 1
7225.5 3
7226.5 2
7227.5 1
7228.5 2
7229.5 2
7230.5 5
7231.5 4
7232.5 3
7233.5 2
7234.5 1
7235.5 2
7236.5 3
7237.5 1
7238.5 5
7239.5 1
7240.5 2
7241.5 1
7242.5 0
7243.5 5
7244.5 4
7245.5 5
7246.5 2
7247.5 1
7248.5 1
7249.5 3
7250.5 2
7251.5 6
7252.5 1
7253.5 2
7254.5 1
7255.5 0
7256.5 1
7257.5 2
7258.5 1
7259.5 2
7260.5 1
7261.5 3
7262.5 3
7263.5 3
7264.5 2
7265.5 5
7266.5 3
7267.5 1
7268.5 2
7269.5 0
7270.5 2
7271.5 3
7272.5 1
7273.5 3
7274.5 3
7275.5 1
7276.5 2
7277.5 3
7278.5 3
7279.5 2
7280.5 4
7281.5 2
7282.5 2
7283.5 3
7284.5 6
7285.5 2
7286.5 2
7287.5 0
7288.5 3
7289.5 5
7290.5 1
7291.5 2
7292.5 3
7293.5 1
7294.5 1
7295.5 4
7296.5 5
7297.5 5
7298.5 2
7299.5 4
7300.5 2
7301.5 7
7302.5 3
7303.5 7
7304.5 1
7305.5 1
7306.5 1
7307.5 3
7308.5 1
7309.5 2
7310.5 1
7311.5 2
7312.5 2
7313.5 4
7314.5 3
7315.5 3
7316.5 2
7317.5 4
7318.5 2
7319.5 4
7320.5 4
7321.5 2
7322.5 4
7323.5 0
7324.5 1
7325.5 2
7326.5 2
7327.5 4
7328.5 0
7329.5 2
7330.5 3
7331.5 2
7332.5 4
7333.5 2
7334.5 1
7335.5 2
7336.5 2
7337.5 4
7338.5 0
7339.5 0
7340.5 3
7341.5 4
7342.5 3
7343.5 2
7344.5 2
7345.5 0
7346.5 2
7347.5 1
7348.5 1
7349.5 1
7350.5 1
7351.5 1
7352.5 0
7353.5 1
7354.5 2
7355.5 1
7356.5 0
7357.5 1
7358.5 2
7359.5 3
7360.5 4
7361.5 2
7362.5 1
7363.5 0
7364.5 2
7365.5 3
7366.5 0
7367.5 2
7368.5 3
7369.5 3
7370.5 0
7371.5 2
7372.5 2
7373.5 2
7374.5 0
7375.5 2
7376.5 0
7377.5 3
7378.5 3
7379.5 6
7380.5 2
7381.5 3
7382.5 2
7383.5 3
7384.5 5
7385.5 1
7386.5 1
7387.5 2
7388.5 1
7389.5 2
7390.5 2
7391.5 1
7392.5 1
7393.5 1
7394.5 0
7395.5 1
7396.5 1
7397.5 3
7398.5 1
7399.5 0
7400.5 0
7401.5 0
7402.5 0
7403.5 3
7404.5 3
7405.5 1
7406.5 1
7407.5 0
7408.5 1
7409.5 4
7410.5 2
7411.5 1
7412.5 2
7413.5 2
7414.5 2
7415.5 1
7416.5 3
7417.5 3
7418.5 0
7419.5 1
7420.5 0
7421.5 5
7422.5 0
7423.5 2
7424.5 2
7425.5 1
7426.5 1
7427.5 1
7428.5 3
7429.5 1
7430.5 1
7431.5 0
7432.5 2
7433.5 3
7434.5 1
7435.5 1
7436.5 2
7437.5 1
7438.5 2
7439.5 2
7440.5 0
7441.5 2
7442.5 1
7443.5 1
7444.5 3
7445.5 4
7446.5 3
7447.5 1
7448.5 3
7449.5 2
7450.5 2
7451.5 1
7452.5 0
7453.5 3
7454.5 1
7455.5 1
7456.5 1
7457.5 2
7458.5 0
7459.5 0
7460.5 1
7461.5 1
7462.5 4
7463.5 1
7464.5 1
7465.5 2
7466.5 0
7467.5 1
7468.5 1
7469.5 1
7470.5 4
7471.5 0
7472.5 0
7473.5 0
7474.5 1
7475.5 3
7476.5 0
7477.5 3
7478.5 2
7479.5 4
7480.5 2
7481.5 0
7482.5 2
7483.5 1
7484.5 3
7485.5 2
7486.5 2
7487.5 2
7488.5 1
7489.5 3
7490.5 0
7491.5 1
7492.5 3
7493.5 2
7494.5 2
7495.5 4
7496.5 2
7497.5 0
7498.5 0
7499.5 2
7500.5 0
7501.5 3
7502.5 1
7503.5 0
7504.5 1
7505.5 0
7506.5 2
7507.5 2
7508.5 1
7509.5 1
7510.5 0
7511.5 1
7512.5 1
7513.5 1
7514.5 1
7515.5 2
7516.5 3
7517.5 2
7518.5 0
7519.5 0
7520.5 2
7521.5 0
7522.5 2
7523.5 1
7524.5 1
7525.5 3
7526.5 2
7527.5 1
7528.5 0
7529.5 2
7530.5 1
7531.5 3
7532.5 2
7533.5 0
7534.5 4
7535.5 0
7536.5 1
7537.5 0
7538.5 0
7539.5 1
7540.5 1
7541.5 1
7542.5 1
7543.5 0
7544.5 0
7545.5 2
7546.5 1
7547.5 3
7548.5 1
7549.5 1
7550.5 0
7551.5 4
7552.5 1
7553.5 2
7554.5 2
7555.5 3
7556.5 0
7557.5 4
7558.5 2
7559.5 0
7560.5 3
7561.5 1
7562.5 2
7563.5 2
7564.5 1
7565.5 1
7566.5 1
7567.5 2
7568.5 1
7569.5 1
7570.5 1
7571.5 0
7572.5 1
7573.5 0
7574.5 2
7575.5 3
7576.5 1
7577.5 1
7578.5 3
7579.5 1
7580.5 1
7581.5 0
7582.5 2
7583.5 1
7584.5 2
7585.5 1
7586.5 1
7587.5 0
7588.5 2
7589.5 4
7590.5 2
7591.5 1
7592.5 1
7593.5 0
7594.5 2
7595.5 0
7596.5 2
7597.5 0
7598.5 1
7599.5 1
7600.5 0
7601.5 1
7602.5 1
7603.5 3
7604.5 1
7605.5 0
7606.5 1
7607.5 2
7608.5 1
7609.5 0
7610.5 1
7611.5 0
7612.5 1
7613.5 2
7614.5 2
7615.5 3
7616.5 1
7617.5 2
7618.5 2
7619.5 1
7620.5 0
7621.5 0
7622.5 2
7623.5 0
7624.5 1
7625.5 1
7626.5 1
7627.5 0
7628.5 3
7629.5 3
7630.5 0
7631.5 2
7632.5 2
7633.5 0
7634.5 0
7635.5 2
7636.5 0
7637.5 1
7638.5 1
7639.5 0
7640.5 4
7641.5 1
7642.5 0
7643.5 2
7644.5 2
7645.5 1
7646.5 1
7647.5 2
7648.5 1
7649.5 0
7650.5 3
7651.5 2
7652.5 1
7653.5 3
7654.5 1
7655.5 0
7656.5 3
7657.5 2
7658.5 0
7659.5 1
7660.5 2
7661.5 0
7662.5 0
7663.5 1
7664.5 2
7665.5 1
7666.5 0
7667.5 1
7668.5 1
7669.5 0
7670.5 3
7671.5 3
7672.5 1
7673.5 1
7674.5 0
7675.5 2
7676.5 2
7677.5 0
7678.5 2
7679.5 1
7680.5 1
7681.5 1
7682.5 2
7683.5 0
7684.5 2
7685.5 0
7686.5 1
7687.5 1
7688.5 1
7689.5 1
7690.5 3
7691.5 0
7692.5 1
7693.5 3
7694.5 0
7695.5 0
7696.5 1
7697.5 1
7698.5 2
7699.5 0
7700.5 0
7701.5 2
7702.5 2
7703.5 0
7704.5 0
7705.5 0
7706.5 0
7707.5 1
7708.5 0
7709.5 2
7710.5 0
7711.5 2
7712.5 1
7713.5 1
7714.5 3
7715.5 1
7716.5 2
7717.5 4
7718.5 0
7719.5 2
7720.5 0
7721.5 0
7722.5 0
7723.5 1
7724.5 2
7725.5 0
7726.5 1
7727.5 1
7728.5 1
7729.5 1
7730.5 2
7731.5 2
7732.5 1
7733.5 1
7734.5 0
7735.5 1
7736.5 2
7737.5 3
7738.5 1
7739.5 0
7740.5 0
7741.5 0
7742.5 1
7743.5 3
7744.5 1
7745.5 0
7746.5 1
7747.5 0
7748.5 0
7749.5 0
7750.5 1
7751.5 0
7752.5 2
7753.5 3
7754.5 0
7755.5 1
7756.5 1
7757.5 1
7758.5 4
7759.5 1
7760.5 0
7761.5 0
7762.5 1
7763.5 1
7764.5 1
7765.5 0
7766.5 1
7767.5 1
7768.5 0
7769.5 1
7770.5 1
7771.5 1
7772.5 1
7773.5 1
7774.5 0
7775.5 0
7776.5 1
7777.5 1
7778.5 1
7779.5 0
7780.5 1
7781.5 0
7782.5 1
7783.5 2
7784.5 0
7785.5 2
7786.5 0
7787.5 0
7788.5 1
7789.5 1
7790.5 0
7791.5 0
7792.5 1
7793.5 1
7794.5 0
7795.5 2
7796.5 0
7797.5 2
7798.5 0
7799.5 0
7800.5 0
7801.5 4
7802.5 0
7803.5 0
7804.5 0
7805.5 1
7806.5 2
7807.5 2
7808.5 1
7809.5 0
7810.5 1
7811.5 1
7812.5 0
7813.5 0
7814.5 0
7815.5 0
7816.5 1
7817.5 2
7818.5 1
7819.5 1
7820.5 1
7821.5 3
7822.5 0
7823.5 0
7824.5 0
7825.5 1
7826.5 1
7827.5 1
7828.5 3
7829.5 2
7830.5 0
7831.5 0
7832.5 0
7833.5 1
7834.5 3
7835.5 0
7836.5 0
7837.5 4
7838.5 1
7839.5 0
7840.5 1
7841.5 0
7842.5 3
7843.5 0
7844.5 1
7845.5 1
7846.5 0
7847.5 0
7848.5 0
7849.5 0
7850.5 2
7851.5 1
7852.5 0
7853.5 1
7854.5 0
7855.5 2
7856.5 1
7857.5 1
7858.5 0
7859.5 3
7860.5 0
7861.5 2
7862.5 1
7863.5 2
7864.5 2
7865.5 3
7866.5 2
7867.5 1
7868.5 0
7869.5 1
7870.5 2
7871.5 1
7872.5 0
7873.5 3
7874.5 1
7875.5 0
7876.5 0
7877.5 2
7878.5 3
7879.5 1
7880.5 0
7881.5 2
7882.5 1
7883.5 2
7884.5 3
7885.5 1
7886.5 0
7887.5 0
7888.5 1
7889.5 0
7890.5 0
7891.5 3
7892.5 2
7893.5 0
7894.5 3
7895.5 0
7896.5 0
7897.5 0
7898.5 0
7899.5 2
7900.5 1
7901.5 1
7902.5 0
7903.5 1
7904.5 2
7905.5 1
7906.5 0
7907.5 0
7908.5 0
7909.5 0
7910.5 2
7911.5 5
7912.5 1
7913.5 1
7914.5 1
7915.5 1
7916.5 0
7917.5 1
7918.5 1
7919.5 4
7920.5 0
7921.5 1
7922.5 0
7923.5 2
7924.5 0
7925.5 2
7926.5 2
7927.5 0
7928.5 3
7929.5 0
7930.5 1
7931.5 0
7932.5 0
7933.5 1
7934.5 0
7935.5 2
7936.5 1
7937.5 1
7938.5 2
7939.5 2
7940.5 1
7941.5 0
7942.5 0
7943.5 2
7944.5 1
7945.5 1
7946.5 1
7947.5 1
7948.5 0
7949.5 1
7950.5 2
7951.5 0
7952.5 0
7953.5 0
7954.5 2
7955.5 0
7956.5 0
7957.5 2
7958.5 1
7959.5 0
7960.5 0
7961.5 4
7962.5 1
7963.5 0
7964.5 2
7965.5 1
7966.5 1
7967.5 0
7968.5 0
7969.5 2
7970.5 1
7971.5 0
7972.5 1
7973.5 0
7974.5 2
7975.5 1
7976.5 2
7977.5 0
7978.5 0
7979.5 0
7980.5 1
7981.5 1
7982.5 1
7983.5 0
7984.5 1
7985.5 1
7986.5 1
7987.5 2
7988.5 1
7989.5 1
7990.5 1
7991.5 2
7992.5 1
7993.5 1
7994.5 1
7995.5 0
7996.5 0
7997.5 0
7998.5 1
7999.5 0
